500 21
70 16 56 54 21 81 56 126 118 80 5 101 27 87 29 6 19 68 46 42 9 
82 127 12 112 81 123 107 17 67 109 45 50 61 10 85 80 93 64 26 82 81 
31 87 20 37 46 47 25 60 19 78 64 54 53 26 68 76 88 90 110 24 48 
19 34 89 54 100 99 1 96 1 105 15 111 67 21 17 26 12 81 113 6 57 
49 25 127 111 28 62 28 47 56 1 25 4 112 45 48 103 44 2 94 11 36 
103 17 76 121 2 3 89 32 6 36 41 106 9 30 107 49 95 86 103 55 63 
67 29 15 57 95 108 65 68 105 19 70 68 17 117 115 58 64 98 119 58 74 
75 105 50 112 10 84 11 11 85 119 65 46 65 19 28 13 28 86 117 43 30 
57 69 98 81 22 39 73 2 22 31 9 30 12 15 32 71 117 77 73 115 15 
10 43 28 122 67 16 4 4 84 71 36 95 16 114 107 60 37 19 45 87 44 
19 110 71 106 59 111 25 4 70 108 120 63 64 4 94 68 113 91 10 4 17 
42 67 35 8 89 0 96 78 7 92 90 51 110 75 55 53 14 40 91 8 38 
6 76 14 0 16 75 41 45 67 124 11 5 71 43 61 19 48 125 127 127 66 
97 87 67 98 106 86 61 55 7 81 2 71 25 45 80 111 15 7 0 58 14 
80 86 104 120 18 53 55 57 87 52 79 36 48 109 73 122 49 25 111 85 35 
73 74 60 114 13 33 126 114 40 30 64 41 34 28 51 126 6 88 30 41 42 
54 89 92 30 96 119 66 96 14 80 81 58 54 56 123 21 5 108 63 80 67 
99 13 40 58 109 112 21 43 11 114 14 66 8 76 62 56 85 14 42 6 111 
91 42 60 89 59 54 96 40 10 10 86 19 35 127 93 122 86 13 54 26 20 
78 16 90 48 50 6 105 103 78 54 108 113 38 10 63 1 37 51 51 86 24 
57 85 90 120 55 70 84 6 12 52 25 46 110 99 68 22 56 11 96 118 6 
1 119 27 95 83 109 3 89 8 2 65 90 20 54 96 31 99 25 96 33 105 
80 60 6 1 37 113 102 45 27 57 16 99 41 68 43 56 17 48 76 37 106 
60 81 9 6 1 11 110 3 78 125 81 107 38 17 24 115 39 79 72 46 9 
51 78 110 123 112 91 53 45 41 37 50 6 72 116 68 73 75 33 32 106 10 
59 51 79 27 48 116 122 18 3 5 12 100 123 97 127 20 107 41 33 53 119 
25 102 125 100 91 101 31 99 67 61 82 8 38 121 100 98 40 62 106 99 79 
98 127 98 54 16 38 74 117 88 110 49 4 37 26 36 22 48 34 111 24 70 
13 64 57 113 127 113 111 62 14 69 98 16 95 69 126 116 56 91 93 91 125 
120 42 116 101 85 77 6 12 25 65 108 55 99 82 116 43 12 67 104 103 0 
90 66 31 67 25 42 36 47 112 34 31 73 66 70 110 34 44 93 124 6 99 
123 126 49 65 25 59 91 123 107 40 73 100 77 78 73 9 48 72 27 77 52 
30 24 67 101 14 83 100 45 55 48 57 7 10 36 60 24 83 121 45 71 84 
115 122 35 22 2 65 89 100 23 9 113 70 51 8 25 3 47 86 92 107 6 
124 51 70 63 84 38 71 67 72 34 7 65 85 36 43 73 22 120 115 87 104 
0 78 59 78 57 121 80 94 108 29 22 110 123 111 39 122 107 76 3 93 106 
101 38 14 4 62 92 18 33 61 89 123 68 116 95 18 94 36 48 93 14 6 
2 127 61 91 85 21 123 23 29 53 98 36 123 94 12 17 23 83 33 12 58 
76 36 65 6 109 98 121 5 105 101 117 74 13 111 54 30 2 43 106 64 14 
124 46 91 100 50 5 2 34 2 37 37 26 14 21 35 80 115 58 12 12 13 
49 35 34 91 120 103 2 59 120 124 96 24 59 72 66 24 21 5 99 26 15 
98 82 2 19 98 51 108 43 28 34 45 8 50 104 61 66 47 58 65 71 39 
92 116 64 88 118 117 21 108 117 57 82 107 29 111 104 102 60 0 28 98 79 
1 106 121 105 23 91 108 53 88 45 10 84 75 71 127 108 121 9 127 114 68 
101 36 53 85 73 121 1 42 3 25 91 67 9 5 127 50 35 124 40 45 35 
28 118 14 127 54 3 60 117 81 1 0 83 39 92 90 109 66 98 126 22 61 
41 79 67 9 101 122 97 114 22 14 46 38 10 36 96 76 49 123 117 93 4 
102 35 112 111 111 110 9 2 87 7 26 16 50 40 82 125 100 11 63 33 32 
50 116 84 99 127 125 65 105 53 6 23 36 79 7 55 80 37 73 53 36 28 
56 82 28 78 20 96 109 79 57 82 45 87 91 109 5 40 65 120 116 1 75 
62 115 14 24 23 43 47 69 14 58 111 82 54 4 24 70 114 109 126 96 114 
70 64 67 55 14 89 125 42 42 27 12 64 27 112 30 108 68 43 118 108 94 
17 27 27 101 14 48 85 30 44 9 32 21 105 111 60 65 45 119 91 50 97 
51 95 49 99 97 85 22 33 52 80 28 91 109 110 31 101 44 48 123 21 58 
81 62 52 73 20 73 64 44 10 124 117 45 64 48 126 54 19 35 118 68 74 
30 17 36 43 65 105 118 66 49 60 115 120 106 69 102 120 96 6 5 94 100 
10 107 106 41 16 112 82 97 113 49 104 114 43 58 50 41 25 38 118 84 88 
98 71 49 43 87 13 21 45 75 109 46 45 120 126 55 13 71 84 30 46 106 
70 105 65 23 50 120 24 113 66 92 5 91 13 47 11 84 89 76 42 33 7 
49 86 116 106 57 98 76 58 96 30 30 105 6 3 113 27 70 10 24 47 83 
79 24 120 121 25 54 63 120 31 8 52 97 86 57 46 102 122 80 92 41 10 
52 22 46 117 83 98 17 23 75 36 107 24 17 82 41 10 86 103 72 61 42 
40 26 60 121 121 1 34 116 2 84 104 11 112 30 21 95 10 118 13 127 80 
45 106 8 20 112 40 76 42 100 79 74 110 52 111 117 43 6 20 101 93 55 
47 112 74 53 101 1 31 19 100 5 126 66 36 71 100 105 45 75 93 119 63 
67 107 121 126 117 121 65 111 41 85 114 13 38 50 41 121 94 11 79 19 4 
80 6 92 61 95 59 20 10 64 44 107 80 19 88 73 22 77 121 121 24 31 
98 103 70 91 77 25 78 89 110 63 117 54 50 43 16 37 125 52 82 8 42 
117 99 13 32 8 24 48 63 30 108 122 65 58 22 65 80 92 28 92 75 88 
49 28 22 43 123 93 21 60 97 116 60 54 44 121 20 64 94 61 126 108 64 
42 86 61 114 55 9 62 54 35 43 114 1 48 78 22 112 70 111 100 21 94 
105 120 45 0 11 67 89 63 31 38 115 43 68 37 16 91 76 41 121 106 60 
56 124 93 34 122 27 33 21 13 10 39 17 14 0 40 74 69 96 109 71 28 
105 4 63 93 97 55 40 42 60 95 91 118 58 55 79 15 106 1 8 101 88 
92 77 33 119 85 28 16 55 102 70 115 36 15 42 45 93 54 1 49 19 84 
46 6 76 93 19 119 80 21 29 6 88 15 127 72 29 89 127 70 72 53 21 
51 66 79 102 12 89 117 32 3 49 57 3 39 63 119 9 39 60 61 34 124 
25 105 115 47 33 24 65 126 26 120 0 34 11 84 115 92 69 76 47 14 43 
21 88 23 9 45 71 3 123 10 106 65 54 47 51 76 66 34 62 66 28 46 
99 20 19 72 107 102 59 79 17 44 36 108 40 35 50 120 55 110 75 68 17 
84 43 28 87 84 38 40 68 106 87 65 80 38 127 28 60 21 11 120 40 124 
91 78 36 56 27 27 0 11 37 119 98 78 27 127 71 107 95 22 34 3 123 
51 71 110 107 91 63 58 61 107 16 11 123 25 121 77 41 11 84 50 40 89 
71 32 115 49 94 13 70 74 95 20 87 113 4 19 5 5 49 1 3 124 77 
31 82 103 91 54 46 77 45 102 67 118 62 118 46 86 114 52 45 113 116 51 
43 119 31 117 122 80 54 74 57 85 98 17 109 9 74 76 70 70 76 69 115 
123 114 4 31 59 0 45 58 38 4 69 38 25 64 81 45 80 57 17 86 39 
105 23 96 105 33 67 39 32 51 22 7 67 103 100 38 117 35 116 84 27 124 
120 61 98 65 40 114 117 7 75 120 1 2 117 58 116 71 91 126 120 45 0 
40 74 49 38 79 76 7 78 114 49 114 97 66 38 103 82 56 11 59 89 20 
109 126 60 76 107 114 28 12 78 79 65 90 22 70 83 101 89 97 102 117 97 
100 119 83 17 107 67 21 12 9 85 0 3 95 126 8 53 99 77 13 91 53 
104 69 124 13 124 75 89 44 58 118 35 76 29 106 89 41 3 8 9 53 51 
109 57 41 51 27 30 100 102 52 24 83 78 97 94 91 100 75 49 74 87 103 
7 23 76 2 102 85 80 104 71 22 0 75 126 36 46 33 68 92 16 13 99 
121 89 21 99 33 6 6 15 32 50 1 60 127 111 82 84 118 80 74 108 31 
76 79 0 95 45 93 22 66 15 34 40 126 122 77 65 71 72 126 68 65 42 
25 18 28 6 26 50 47 112 26 6 4 17 117 11 53 63 48 33 66 37 9 
117 124 58 23 70 113 95 56 66 15 107 83 82 94 8 105 75 115 10 66 30 
91 120 90 53 74 37 78 17 37 75 65 124 52 79 13 108 44 53 58 77 104 
107 108 65 104 28 90 29 32 82 54 46 41 86 51 65 104 65 22 72 50 115 
42 111 25 85 72 94 110 36 6 46 46 15 75 61 24 30 115 32 21 70 118 
125 31 20 28 3 17 115 85 16 88 20 37 81 52 79 104 42 60 27 51 72 
96 84 9 44 86 43 95 75 37 58 105 54 32 60 39 66 21 127 39 11 49 
55 78 96 69 43 18 6 51 65 121 37 127 104 18 115 80 122 57 47 1 0 
116 74 97 94 48 95 16 13 58 68 109 40 9 41 24 111 85 68 24 63 12 
30 29 107 58 41 78 22 42 106 95 107 29 32 65 47 54 57 38 110 102 106 
66 90 1 76 68 74 51 65 34 4 114 62 109 116 95 8 18 59 78 93 19 
35 39 7 14 5 98 98 78 91 3 92 62 10 81 92 58 107 46 47 41 40 
72 97 57 114 101 108 72 57 120 84 39 64 123 58 76 62 89 55 124 19 50 
113 72 78 88 124 45 29 57 35 6 71 61 100 54 53 34 115 11 115 21 38 
113 89 115 1 86 93 38 16 103 17 108 6 7 53 66 116 23 122 49 38 53 
67 85 94 69 37 120 121 10 78 87 87 61 113 114 7 81 87 1 86 56 74 
90 88 46 34 6 116 41 41 78 28 113 58 18 98 106 72 29 52 98 77 74 
96 44 50 18 77 58 70 100 29 98 78 86 109 124 25 42 7 13 56 27 61 
38 123 116 47 92 32 37 43 100 114 27 127 62 4 25 118 77 102 52 11 75 
14 20 16 10 102 54 47 77 41 36 18 1 78 1 62 13 74 84 7 14 102 
92 31 102 34 124 45 60 9 3 38 36 44 88 70 3 77 94 7 113 116 5 
59 120 53 21 36 126 96 78 107 38 93 124 49 13 8 84 79 62 118 30 49 
85 43 24 91 45 70 73 77 123 45 90 19 24 42 95 74 83 66 20 55 29 
39 110 94 55 41 66 92 36 104 98 82 75 19 110 118 19 48 30 77 91 52 
71 10 113 77 29 44 68 1 52 115 72 39 33 16 43 99 91 103 10 60 20 
83 105 113 95 52 63 32 10 55 27 41 55 89 26 44 31 96 72 54 125 30 
104 77 58 90 64 61 65 76 90 103 85 86 23 31 123 100 75 120 90 111 7 
7 63 73 73 48 111 100 53 56 114 42 75 44 76 69 75 50 17 90 90 79 
28 30 19 24 66 61 111 64 67 73 24 91 4 86 64 77 125 51 49 29 105 
77 52 57 83 55 116 76 98 73 110 119 56 11 37 89 53 52 21 44 69 70 
37 100 93 99 73 32 0 49 8 73 34 37 115 111 86 62 50 69 11 4 100 
28 4 126 73 88 109 81 102 10 98 127 51 124 71 1 97 92 20 78 70 47 
109 1 12 78 40 112 4 97 59 76 64 54 108 29 47 33 41 15 36 72 47 
95 114 115 86 17 13 60 21 80 0 100 111 43 95 12 27 55 83 75 32 25 
26 91 19 56 88 118 27 28 83 112 5 95 10 113 90 14 18 93 123 58 73 
115 39 31 107 84 43 4 115 99 2 23 84 15 28 127 95 120 37 94 72 91 
86 110 70 101 97 15 102 90 117 2 109 113 31 9 61 5 41 75 74 91 54 
46 84 105 84 54 24 22 97 37 112 96 67 73 54 36 110 11 26 45 51 87 
49 31 107 28 19 112 9 0 120 102 123 58 60 75 125 109 50 38 93 37 15 
109 30 10 74 50 93 125 75 72 99 87 5 109 73 56 9 113 100 22 77 18 
13 72 123 13 4 48 59 100 42 66 23 36 2 118 11 118 97 118 7 2 7 
64 87 15 59 31 67 93 126 100 35 46 91 80 103 48 71 61 32 90 92 75 
73 45 65 39 111 37 105 117 93 51 40 126 37 77 11 83 14 76 111 60 10 
17 102 107 21 67 88 70 6 87 4 64 19 2 53 4 97 64 43 50 101 15 
115 105 9 15 114 109 84 13 108 83 34 90 5 107 47 1 75 98 64 21 55 
24 46 59 75 7 10 88 115 2 99 34 92 10 44 42 50 48 28 85 12 53 
94 74 66 60 106 84 30 80 25 112 110 119 1 127 95 6 39 114 116 96 103 
98 4 94 115 9 69 104 37 51 61 79 34 45 70 38 126 62 104 56 125 17 
57 26 69 47 94 40 95 28 124 3 126 80 48 114 24 6 60 52 60 111 104 
113 123 97 6 101 57 124 47 33 0 86 97 2 43 36 20 123 85 14 69 69 
120 48 54 2 91 106 126 93 26 102 57 120 102 61 48 65 23 96 67 82 39 
88 20 91 36 16 1 20 93 118 125 62 78 9 69 75 60 11 22 27 91 123 
33 18 74 71 31 22 110 118 121 44 59 4 68 55 117 8 9 100 33 113 31 
23 123 84 40 79 27 38 59 89 59 2 72 122 112 93 122 26 87 51 74 8 
111 10 86 74 25 38 126 82 60 75 36 33 30 106 28 15 120 26 98 30 95 
102 76 1 25 88 43 120 94 35 27 113 110 92 77 89 44 124 35 48 122 5 
115 90 30 17 123 39 126 55 123 62 106 21 74 56 123 43 126 23 74 43 72 
33 99 67 97 120 56 118 27 105 83 14 13 85 73 5 29 13 21 21 92 111 
3 29 50 115 86 104 126 34 96 81 106 52 33 62 4 90 14 6 31 89 106 
15 38 49 82 20 47 19 98 19 46 101 1 31 56 21 93 21 47 68 13 15 
75 29 19 26 93 11 70 115 125 18 32 27 53 92 48 61 100 7 2 102 46 
53 2 98 29 16 69 106 74 48 17 36 120 92 27 16 93 17 52 3 53 95 
6 96 115 85 43 90 81 54 118 79 28 118 23 86 17 47 43 59 17 97 24 
51 44 23 55 82 36 109 24 50 88 35 68 86 56 45 110 12 4 26 67 120 
107 16 110 33 75 25 38 115 90 90 43 79 57 100 66 26 119 101 67 79 66 
64 14 21 108 89 46 109 79 89 81 46 5 15 123 62 32 69 8 32 11 20 
113 64 113 82 4 126 21 32 113 36 96 41 56 36 71 62 17 13 114 62 119 
35 27 67 98 5 89 97 8 71 57 9 66 108 20 113 83 108 111 88 45 110 
119 78 104 107 37 25 5 54 71 75 53 121 31 27 120 120 109 61 87 22 100 
106 72 96 127 89 87 14 21 47 115 80 80 54 108 36 103 47 73 103 81 10 
22 81 105 62 112 65 0 67 1 74 89 1 94 110 127 0 25 126 94 110 4 
35 103 124 51 5 106 87 0 66 126 106 58 86 27 57 85 55 111 58 76 44 
108 31 36 7 106 97 47 72 23 92 101 110 59 127 38 113 83 31 111 17 22 
17 83 74 42 61 56 114 97 53 87 22 56 50 23 20 123 43 120 102 98 61 
30 125 91 28 75 123 36 87 9 94 22 116 46 34 88 77 93 126 46 30 96 
47 86 89 72 82 68 34 22 2 5 81 123 98 77 31 76 7 41 1 6 5 
40 4 12 111 94 3 91 124 14 37 90 37 8 15 24 123 103 0 15 7 42 
107 12 56 61 114 52 112 2 126 108 117 52 12 39 64 105 124 71 2 88 111 
74 102 5 49 15 36 61 5 67 61 14 28 44 117 44 46 57 83 49 24 85 
112 29 110 56 91 121 57 95 75 16 18 86 124 71 106 39 21 36 97 122 30 
120 105 116 123 5 5 97 78 7 67 77 55 54 72 42 13 50 116 59 69 32 
33 52 72 36 63 30 108 127 16 114 77 37 48 16 54 69 98 28 82 12 83 
40 29 98 23 86 58 114 121 47 68 118 98 66 12 96 124 112 5 90 72 11 
91 56 85 14 87 68 40 35 50 91 115 72 75 59 67 23 58 93 16 35 94 
31 45 81 75 69 96 42 41 27 56 93 46 94 14 93 99 107 82 34 96 108 
5 86 96 8 71 125 25 28 114 79 115 65 114 8 97 101 60 127 33 50 68 
95 124 12 105 93 74 16 107 110 57 112 27 95 10 77 25 109 45 16 51 65 
6 68 78 57 75 43 32 95 11 1 92 14 44 111 110 53 76 113 127 65 114 
64 121 103 70 122 114 10 35 1 72 64 39 117 73 108 122 116 99 84 126 127 
82 56 28 107 94 92 73 43 35 22 49 43 24 57 75 127 19 96 22 42 58 
113 11 90 4 110 82 31 121 24 20 14 102 81 7 78 105 86 23 7 104 110 
125 64 61 13 43 38 21 43 55 106 18 107 39 77 85 55 26 5 125 125 62 
20 110 121 58 88 76 86 55 109 67 5 69 80 51 115 60 42 108 10 76 102 
59 102 120 2 33 44 31 123 99 42 36 82 67 91 70 120 70 108 42 36 62 
122 66 97 92 47 28 23 126 116 39 75 24 24 8 7 1 91 36 45 126 85 
75 78 12 71 2 97 18 80 27 89 86 41 75 75 61 31 92 96 86 70 10 
56 100 39 114 40 95 111 122 47 69 58 111 15 94 68 104 25 36 104 59 60 
96 50 123 113 121 79 66 48 121 65 24 8 12 68 92 25 126 123 106 47 17 
3 100 44 102 41 53 10 117 100 37 126 3 15 46 1 105 44 47 50 108 57 
43 107 109 91 114 119 115 45 13 10 111 13 124 95 82 50 124 53 112 95 73 
65 107 66 123 24 59 89 126 6 11 75 27 101 37 10 81 70 92 85 123 80 
12 93 90 120 0 121 73 71 44 47 36 17 116 103 95 91 111 123 58 25 15 
109 120 56 94 62 72 61 84 111 53 70 16 58 19 49 61 67 20 45 39 104 
102 21 74 51 4 1 97 107 51 40 77 19 127 18 73 3 20 122 55 19 37 
88 78 3 57 106 118 8 5 14 85 122 112 82 124 113 46 55 12 2 89 44 
60 67 70 114 94 32 88 54 114 24 86 38 28 78 86 65 72 107 30 56 111 
91 8 118 122 0 27 14 25 26 16 28 47 105 37 114 114 96 47 113 113 17 
51 24 14 110 16 77 126 91 100 41 125 45 124 84 100 99 30 44 92 0 73 
109 52 17 87 106 57 7 116 27 6 36 16 22 3 120 98 11 53 96 106 30 
78 38 56 80 33 99 120 29 0 48 41 81 82 54 9 71 111 106 124 89 4 
88 48 39 89 81 87 98 49 17 23 1 127 28 66 2 57 106 16 51 72 26 
50 87 65 121 117 57 15 27 114 12 23 14 89 9 96 15 46 105 26 42 102 
27 53 118 59 51 112 98 5 87 70 62 49 48 84 102 45 25 18 78 50 85 
81 10 62 4 55 13 93 28 83 91 11 2 29 118 108 5 87 91 21 53 79 
34 40 90 35 70 120 50 10 100 52 96 45 51 48 102 8 29 20 0 88 20 
48 76 0 118 52 109 18 18 34 25 50 30 88 60 78 58 27 52 38 20 106 
13 107 27 121 5 11 87 123 60 47 83 5 40 112 17 94 5 23 30 97 106 
48 125 125 85 118 111 39 82 117 72 9 93 111 107 6 110 119 72 77 42 120 
28 63 47 3 22 15 23 117 81 111 60 105 42 114 117 126 72 71 54 30 61 
86 2 100 93 85 92 18 38 70 42 43 42 76 118 6 57 57 5 123 34 60 
27 89 23 56 42 25 19 45 75 67 92 123 77 50 117 23 69 0 75 93 11 
42 4 1 103 99 110 38 21 97 96 115 42 51 15 15 83 24 27 122 109 47 
19 4 11 9 7 41 121 13 120 32 64 78 33 61 66 69 84 120 58 117 84 
98 82 114 86 79 123 96 6 105 71 28 62 72 16 118 18 125 5 32 19 86 
100 124 86 85 22 31 43 55 67 11 5 97 91 50 127 67 68 40 13 124 127 
10 59 100 80 109 106 42 23 86 55 51 35 25 19 117 1 49 91 77 112 34 
22 69 36 79 5 58 62 98 103 34 98 8 1 40 25 61 13 14 98 78 3 
99 24 1 6 40 31 18 112 111 43 39 10 16 33 97 53 1 38 80 122 3 
74 34 99 56 108 22 7 121 83 56 18 1 57 89 81 83 22 27 30 30 27 
35 54 114 121 123 34 65 72 87 14 60 57 125 18 109 3 16 47 51 76 58 
55 23 22 3 42 1 20 55 85 36 6 64 7 79 97 72 8 80 38 0 30 
18 81 108 12 89 48 68 5 95 122 51 61 25 39 23 21 14 1 54 127 41 
111 82 103 55 21 89 93 25 76 36 3 123 5 6 42 110 23 20 126 36 12 
63 117 86 78 41 23 63 127 77 94 26 36 114 16 70 34 15 100 87 47 14 
66 70 35 103 86 36 14 36 65 23 82 30 61 59 16 103 18 62 56 117 20 
5 51 126 36 19 68 53 126 105 87 87 110 39 119 73 50 7 88 9 82 85 
99 40 43 120 116 95 10 92 96 98 45 33 114 38 63 0 111 17 82 87 45 
120 114 72 41 11 120 126 77 44 117 76 120 36 84 76 33 73 83 4 96 57 
82 42 55 117 56 27 56 9 77 43 86 94 25 125 93 125 94 94 101 107 18 
110 47 67 47 73 18 22 116 54 92 50 34 12 11 57 99 36 122 51 24 67 
125 11 127 52 62 69 84 68 102 14 96 6 77 112 76 95 92 77 121 1 106 
78 33 58 64 113 103 85 34 52 31 15 10 42 32 27 105 119 7 105 57 99 
70 123 21 37 74 67 73 38 115 24 27 107 127 124 5 84 34 30 19 66 35 
42 37 115 61 102 106 126 15 68 23 114 59 126 116 94 14 54 82 49 60 97 
45 94 17 31 48 62 31 48 122 113 57 7 86 18 111 92 99 79 10 97 126 
33 51 75 115 71 121 63 45 25 71 25 36 2 110 74 48 105 64 11 70 107 
27 22 86 41 23 95 109 14 43 57 47 93 86 74 104 31 105 103 70 84 57 
126 51 69 23 41 90 56 106 60 1 46 67 91 36 112 105 91 58 40 48 32 
9 94 46 117 91 2 50 69 100 60 37 91 28 105 127 53 45 125 126 24 72 
101 5 76 63 1 95 36 96 4 66 52 117 7 57 68 94 9 104 72 10 47 
14 117 65 75 52 52 102 84 73 45 15 96 7 56 89 3 101 123 21 126 14 
0 72 68 121 124 80 124 106 60 97 8 72 1 104 97 27 81 110 65 46 110 
114 84 57 50 42 114 22 14 1 85 104 41 99 111 102 0 35 51 6 99 64 
71 4 34 119 72 31 71 61 70 106 105 5 44 110 38 37 78 90 69 69 1 
65 112 71 64 32 65 103 89 66 49 21 38 4 80 53 74 106 85 5 69 85 
123 22 85 68 28 60 18 103 28 56 43 87 40 62 42 38 121 84 124 59 72 
98 0 49 58 122 79 94 125 29 107 102 88 38 63 12 111 5 3 122 87 72 
90 123 103 65 48 15 104 123 3 38 17 62 44 111 31 73 126 73 78 54 16 
80 17 114 101 72 65 22 124 57 36 76 46 90 23 92 39 74 84 16 109 26 
71 111 80 125 16 78 73 69 33 91 71 55 39 122 89 73 65 27 16 78 77 
33 74 112 64 31 42 82 70 43 32 61 123 92 74 25 0 98 123 126 20 24 
60 44 94 55 2 64 38 69 91 123 23 22 76 102 110 13 87 70 61 78 116 
93 83 4 64 29 51 96 84 68 91 5 91 45 100 105 42 5 59 29 121 45 
6 44 10 71 28 1 5 53 108 52 84 37 45 73 86 54 30 101 5 105 100 
90 7 109 90 113 95 120 127 16 123 63 44 106 50 121 37 62 43 84 25 25 
33 43 75 31 56 60 1 123 74 97 81 62 10 32 30 84 64 98 36 40 124 
109 93 39 50 92 121 54 127 4 79 2 73 40 38 118 80 10 39 3 86 104 
22 9 110 20 94 25 7 116 89 11 86 55 25 123 98 63 32 87 88 119 16 
117 1 65 12 86 77 118 12 81 118 34 105 3 7 78 111 78 32 14 56 65 
111 90 63 99 121 32 57 110 31 12 85 43 61 121 98 21 46 50 123 26 86 
124 116 54 1 74 91 79 68 105 13 7 51 48 49 85 122 110 57 107 73 68 
98 86 3 107 74 125 1 6 115 21 45 5 0 122 95 115 56 87 76 84 52 
37 38 24 79 55 122 103 96 8 88 7 66 40 98 71 21 9 80 68 75 35 
69 40 115 83 39 114 97 44 28 34 81 98 78 66 49 11 73 13 122 80 54 
33 38 117 61 56 31 56 96 103 57 14 30 72 54 83 71 124 18 82 77 1 
109 26 54 56 66 93 51 44 21 49 13 38 127 48 124 67 91 37 102 48 87 
101 19 13 111 65 20 79 62 112 116 84 110 53 28 122 39 45 12 36 103 108 
118 14 119 109 114 62 118 53 30 98 58 18 36 88 61 79 62 77 0 124 65 
16 103 118 43 1 72 85 113 49 36 60 32 31 127 118 102 68 60 22 31 93 
51 117 63 67 85 120 96 51 76 34 41 69 10 122 113 117 58 29 14 19 66 
65 71 54 87 83 50 110 72 123 77 114 102 88 58 108 26 28 74 67 61 44 
21 77 58 3 50 115 65 118 5 54 33 118 115 101 101 74 101 125 43 85 100 
45 60 51 23 91 37 22 12 33 98 71 74 1 66 80 65 2 101 103 20 72 
2 30 9 78 24 53 46 112 35 79 43 37 33 121 67 91 84 37 71 51 58 
15 20 35 69 65 76 12 84 116 106 82 118 114 27 10 54 4 106 91 104 63 
14 118 52 26 21 26 42 108 56 98 39 39 39 97 57 13 52 18 83 102 125 
115 4 60 3 109 74 16 86 116 56 85 40 55 51 80 30 43 89 96 99 0 
102 75 41 73 57 118 59 35 86 1 52 56 48 85 2 54 45 16 30 117 28 
9 85 57 102 54 65 25 111 48 96 111 67 81 42 0 42 29 28 10 56 81 
110 77 94 108 64 104 96 54 119 24 107 64 25 6 77 51 83 38 92 121 15 
63 0 117 17 49 44 15 45 12 105 53 49 125 15 85 100 96 18 120 4 88 
76 94 126 95 101 103 104 7 38 0 41 88 39 46 122 107 52 121 111 116 6 
86 69 9 43 12 108 78 84 63 18 4 88 15 14 15 36 40 30 88 3 22 
38 5 7 74 90 91 107 42 100 46 80 26 62 122 93 54 60 76 1 106 60 
40 112 49 96 33 13 48 110 28 106 83 74 82 1 14 57 98 61 31 85 79 
12 121 76 73 69 30 126 75 28 27 88 21 66 2 77 34 126 47 114 5 50 
125 1 66 12 123 126 68 42 60 98 40 78 49 13 106 3 34 66 71 30 95 
73 110 39 23 79 24 117 123 49 18 100 6 14 35 74 17 109 102 12 91 20 
106 97 98 20 14 3 41 9 24 36 26 19 37 47 4 101 42 11 89 36 115 
55 16 52 125 60 87 95 80 7 78 44 59 37 85 102 121 81 113 77 35 15 
27 45 120 68 68 63 47 7 60 126 86 122 17 50 95 74 26 54 27 67 119 
108 27 31 33 72 8 50 10 4 33 72 24 31 125 42 38 63 66 4 87 27 
29 104 100 57 104 56 50 91 36 79 107 94 76 38 95 8 58 62 103 44 47 
77 123 110 84 82 29 42 81 60 24 97 15 73 62 32 112 82 107 16 20 57 
38 63 39 40 119 76 5 61 83 14 1 79 114 56 70 105 2 70 4 34 119 
5 25 107 109 80 88 88 27 16 94 18 79 32 73 53 96 13 72 119 94 33 
40 123 90 6 39 34 6 30 46 87 45 91 29 119 108 21 40 66 114 73 71 
29 3 61 55 56 125 47 113 121 102 11 126 43 3 77 37 19 88 103 85 7 
55 18 115 105 1 24 114 116 62 20 67 96 6 27 79 98 100 3 33 34 97 
119 107 34 89 97 79 101 19 119 87 93 91 31 125 65 116 17 85 12 121 62 
112 43 52 74 61 22 78 107 92 81 117 84 79 97 67 105 17 100 110 15 12 
7 98 54 100 24 55 60 28 117 31 30 46 23 22 41 20 92 90 26 104 123 
12 104 83 84 56 8 4 63 0 114 61 78 83 96 15 2 89 44 68 74 118 
80 11 3 37 103 56 87 91 10 125 120 56 72 64 57 99 36 43 34 82 16 
12 12 54 36 41 77 18 43 24 101 29 18 61 106 12 8 23 86 23 48 78 
37 99 89 19 127 51 18 5 97 29 87 9 22 47 18 120 116 116 120 59 111 
84 63 70 26 95 69 25 81 88 22 35 26 127 39 17 36 87 3 100 72 49 
53 30 46 58 24 87 74 124 12 126 69 86 22 66 73 28 13 117 59 38 8 
67 71 10 3 81 101 108 39 121 81 7 32 96 15 24 16 36 123 54 69 112 
47 17 1 66 78 121 74 98 66 97 98 119 73 41 76 76 19 65 5 124 8 
0 16 98 95 87 49 5 22 110 67 7 82 114 86 46 50 58 35 95 115 61 
115 98 88 38 35 125 65 20 32 60 123 95 45 39 66 35 87 83 60 78 116 
48 5 88 29 30 48 16 22 64 5 28 25 17 106 8 2 46 57 37 34 56 
72 103 54 29 18 31 26 89 36 16 19 48 120 124 66 119 38 75 121 49 115 
40 126 18 3 83 21 65 57 84 49 108 15 41 104 14 64 104 59 84 97 121 
112 87 84 2 14 49 122 40 90 26 18 54 57 94 32 106 106 8 94 97 16 
72 26 50 101 42 96 77 115 61 67 1 21 2 91 104 87 68 33 49 111 58 
106 0 121 11 40 60 43 48 127 2 126 15 48 85 86 2 79 125 44 117 97 
39 4 10 92 77 65 45 39 65 57 41 63 93 0 38 67 1 66 6 42 21 
7 91 121 4 36 33 20 96 107 102 5 20 7 13 68 58 120 22 32 26 20 
5 110 59 125 15 104 120 103 87 12 107 55 96 96 92 65 125 93 53 78 27 
52 73 49 67 54 52 81 105 22 123 43 0 88 41 124 63 118 105 85 76 70 
45 57 104 56 21 0 50 11 43 93 81 96 76 63 36 87 57 121 83 104 62 
89 65 1 104 23 55 26 93 36 47 57 51 26 51 125 110 97 102 15 8 23 
20 90 76 94 114 54 100 87 91 93 82 30 43 127 51 117 95 113 59 37 124 
82 76 86 16 61 112 20 32 102 127 78 49 76 45 11 34 23 42 103 12 50 
124 45 80 44 11 7 35 87 49 109 75 75 60 7 38 117 84 84 93 65 0 
59 47 93 24 57 73 85 16 87 96 104 48 64 62 22 108 51 14 101 61 71 
106 81 127 44 52 83 38 55 115 61 6 87 25 116 19 98 62 45 63 80 68 
9 114 5 24 108 39 51 70 59 103 111 75 69 121 52 116 2 123 57 30 112 
48 40 60 112 81 16 91 44 9 40 61 5 102 37 116 46 56 101 68 76 100 
112 41 39 50 14 124 2 84 114 35 16 73 62 106 81 9 124 14 13 82 48 
71 2 22 3 87 16 97 57 49 30 40 121 84 32 40 16 58 40 78 76 111 
105 92 51 122 117 98 69 38 107 59 64 26 54 87 126 84 6 1 125 103 107 
27 51 34 34 117 18 92 61 69 28 47 126 47 17 16 79 13 127 7 71 69 
64 75 83 98 80 37 123 126 2 82 66 97 27 123 55 116 113 108 46 26 30 
62 8 64 80 16 9 58 52 31 122 106 15 65 98 125 38 6 71 95 126 42 
24 6 3 62 65 2 110 122 82 62 74 114 11 91 81 42 120 77 59 45 38 
24 48 13 13 6 51 114 119 58 101 49 40 51 90 60 63 61 107 41 41 26 
58 51 10 17 84 100 67 115 117 121 123 64 123 58 12 70 32 9 86 51 118 
74 26 99 63 87 36 113 88 67 26 94 79 109 87 47 114 49 34 107 28 55 
116 115 127 100 80 43 73 7 2 80 83 52 13 25 71 91 82 19 2 89 20 
28 32 72 120 125 53 74 37 78 94 35 3 13 101 100 93 113 91 62 92 118 
118 1 53 23 2 101 25 58 120 77 101 13 4 14 114 112 69 58 9 84 30 
102 113 46 24 87 81 66 40 71 4 26 49 72 69 63 6 85 42 17 80 44 
123 11 72 115 107 126 125 67 76 55 39 6 97 14 82 38 27 40 114 108 7 
30 119 91 10 113 116 72 54 15 53 31 39 55 85 95 60 108 1 90 69 91 
110 32 9 63 27 87 108 110 2 17 0 113 92 15 67 83 49 29 42 66 18 
4 24 2 66 109 67 123 127 111 103 83 44 49 54 8 107 74 6 21 106 5 
89 32 1 92 115 27 95 124 47 80 110 110 54 0 12 83 105 100 13 103 62 
66 100 98 95 39 113 0 2 3 105 80 120 2 59 107 42 114 86 7 68 72 
50 62 109 21 119 127 82 15 39 12 115 11 14 32 19 94 78 108 10 4 91 
69 110 28 88 113 45 85 117 56 112 81 119 45 92 33 50 123 116 57 115 119 
6 72 108 68 98 19 73 10 7 38 105 106 31 94 98 18 58 69 10 111 27 
115 107 96 28 118 66 118 10 116 116 7 51 49 42 71 17 106 96 71 24 11 
43 78 59 59 30 86 109 109 30 83 4 85 64 61 51 120 120 66 3 15 124 
116 14 115 58 90 71 70 69 25 111 123 37 116 123 104 31 102 58 41 32 83 
99 21 47 37 65 43 69 117 35 80 42 49 96 109 33 50 96 97 43 109 34 
68 70 9 3 92 86 116 94 80 30 98 5 2 97 6 37 101 6 43 100 60 
38 68 47 124 120 114 117 50 23 103 60 49 32 27 42 3 69 125 115 105 25 
115 114 97 113 29 76 4 70 72 100 44 30 30 82 24 65 120 89 103 109 117 
102 18 123 91 125 49 43 127 31 73 19 102 81 26 65 27 68 109 73 66 110 
98 15 28 100 21 68 105 82 89 47 67 74 79 58 2 100 50 12 63 71 122 
56 6 114 77 32 2 2 118 47 67 17 92 47 47 88 108 20 61 86 76 41 
117 27 101 27 48 77 35 17 58 72 49 113 50 54 25 15 64 60 84 55 77 
22 90 100 63 44 82 41 61 85 115 2 16 99 81 35 25 63 83 107 7 81 
50 120 79 110 111 121 28 89 102 117 71 37 99 118 41 26 51 29 116 125 85 
64 31 48 4 90 99 99 98 1 75 0 101 16 18 13 48 79 106 115 83 76 
110 46 13 77 6 127 111 63 44 10 110 63 50 127 66 104 13 7 91 106 8 
22 73 87 41 25 5 112 10 11 114 21 102 63 54 87 104 120 104 52 26 71 
17 7 73 126 96 100 122 119 97 126 79 113 62 73 98 95 48 53 121 95 40 
90 83 45 43 53 66 45 23 124 92 68 51 4 127 5 78 8 58 28 120 44 
25 31 55 89 17 4 126 2 12 113 106 79 40 100 9 68 68 45 34 113 83 
3 119 77 71 118 111 47 84 84 11 44 21 51 49 112 19 12 71 46 63 48 
68 119 5 62 74 24 121 43 105 8 64 95 8 76 77 25 75 7 118 61 53 
55 69 102 100 77 80 12 60 64 8 37 65 94 57 100 27 42 7 9 84 12 
108 100 106 112 94 67 32 74 76 66 67 103 34 80 50 47 43 4 17 3 10 
0 10 93 38 119 108 62 71 17 1 44 47 5 55 61 44 80 94 81 104 110 
77 36 21 67 122 20 79 40 35 61 62 98 81 61 22 29 81 83 122 68 64 
114 101 14 92 113 111 40 95 126 32 13 47 120 51 32 1 84 43 82 12 20 
19 29 105 57 43 75 81 26 81 50 68 65 117 73 68 104 10 22 27 88 120 
91 104 109 113 60 88 57 95 17 72 37 91 16 106 32 36 117 96 58 27 19 
35 19 29 92 77 93 92 42 71 107 108 87 21 21 38 68 92 56 96 92 116 
110 85 98 111 107 65 106 114 67 4 43 109 46 103 73 97 67 19 39 79 126 
98 26 36 93 88 108 107 106 58 113 107 95 112 100 7 105 102 68 87 36 67 
66 13 31 73 124 81 55 87 85 50 25 6 28 52 101 6 38 113 71 52 8 
102 84 59 53 80 36 71 19 12 52 53 86 88 91 43 2 39 30 118 46 93 
22 113 39 25 101 84 34 32 90 43 64 39 101 32 37 1 116 20 16 87 34 
70 113 84 126 4 88 115 31 43 119 83 6 116 101 28 92 71 90 87 25 23 
79 1 108 64 103 61 108 65 125 46 43 78 0 45 120 76 76 25 16 76 11 
96 111 21 31 30 20 32 46 3 102 27 28 103 52 125 118 89 99 97 78 89 
108 112 19 76 70 40 16 76 83 48 102 98 64 36 74 2 116 123 90 125 126 
18 121 118 32 34 7 85 6 73 52 46 43 50 81 88 89 78 35 106 96 96 
102 40 52 4 105 10 97 120 72 53 60 102 25 68 127 125 81 30 19 54 14 
55 124 16 100 110 111 60 43 16 104 96 10 51 113 87 23 12 97 25 61 87 
28 119 27 28 5 2 41 49 9 123 98 26 17 70 38 98 24 35 25 96 109 
35 42 72 91 103 59 63 90 54 122 88 102 65 26 64 35 101 123 38 104 11 
45 89 52 7 71 113 80 39 110 94 41 107 21 47 34 12 56 55 104 104 19 
84 85 29 72 100 44 1 20 115 41 44 21 50 71 35 57 68 115 91 8 15 
104 4 58 76 87 125 86 106 69 38 67 47 82 22 102 36 50 20 15 8 114 
70 18 125 16 70 43 60 106 51 102 104 26 115 75 124 74 31 47 69 52 28 
46 13 86 40 69 65 103 69 92 38 107 75 48 20 121 106 44 27 81 35 35 
37 118 64 23 2 107 32 77 86 107 52 36 28 54 62 91 32 35 89 48 103 
59 120 29 15 38 49 13 49 72 62 54 41 28 19 37 115 72 51 84 45 109 
62 21 32 106 10 54 86 33 84 62 97 41 98 98 53 52 96 68 25 13 15 
71 97 56 39 106 103 4 2 79 34 55 7 17 69 40 25 56 105 26 93 55 
5 60 32 60 52 123 87 120 105 17 94 67 123 100 33 81 12 104 99 114 124 
35 125 80 55 48 101 50 79 29 26 64 74 9 22 7 79 73 106 78 16 47 
12 7 126 39 78 23 50 46 24 25 86 3 36 95 109 120 11 119 124 7 63 
73 109 10 0 11 31 98 84 101 89 12 87 25 86 58 26 70 86 108 122 68 
98 79 24 40 29 57 58 67 67 46 124 27 97 60 11 58 44 1 18 91 7 
32 91 53 79 31 77 28 1 63 43 0 40 83 31 96 66 124 84 123 33 9 
27 10 19 37 19 100 102 32 122 51 38 122 95 40 52 83 96 43 104 109 27 
79 111 4 1 98 37 102 49 69 84 57 26 15 23 125 71 50 16 51 64 97 
11 68 114 13 36 27 69 90 38 70 43 30 74 55 48 97 70 10 63 77 46 
57 100 47 5 18 17 86 125 97 36 28 15 31 8 92 32 55 34 11 59 6 
48 86 23 81 79 42 41 92 88 13 103 28 17 97 14 125 65 43 85 55 105 
74 73 65 24 14 114 35 83 55 122 116 19 115 22 64 15 12 68 8 77 71 
94 70 62 95 36 10 58 75 73 113 14 78 111 3 0 120 27 60 80 119 53 
3 47 115 125 18 54 67 55 91 95 120 73 8 83 31 30 69 3 77 124 51 
12 11 11 30 106 27 0 42 60 55 66 113 13 122 109 39 42 50 58 61 41 
17 118 103 56 1 108 122 76 60 15 122 57 7 0 45 12 97 20 77 94 26 
24 59 87 4 87 13 57 46 5 114 70 26 64 114 41 81 127 33 113 51 72 
63 61 58 1 15 37 20 103 64 1 106 34 102 30 117 34 87 44 45 58 75 
122 72 83 13 21 102 35 16 127 36 39 12 116 109 23 20 82 115 15 14 124 
18 90 82 6 75 61 56 98 73 59 70 52 90 127 7 63 22 53 23 31 102 
3 115 120 93 63 61 121 72 41 107 92 87 58 110 7 70 111 19 28 53 29 
40 12 80 54 88 25 108 19 83 62 49 82 86 61 24 93 56 25 24 52 65 
55 85 66 76 96 42 56 76 4 17 37 102 53 43 94 80 61 126 72 12 123 
32 90 20 38 32 87 79 105 4 68 60 113 45 84 61 22 102 17 105 64 51 
126 76 3 117 13 58 92 126 37 92 59 44 55 39 76 3 76 98 12 41 97 
114 122 29 96 41 40 113 13 84 43 42 11 83 74 87 13 80 93 44 22 106 
52 35 111 85 31 59 40 37 121 52 127 97 112 80 89 22 38 12 102 100 21 
61 118 39 8 124 109 73 89 4 5 38 15 31 29 88 21 32 81 91 39 53 
49 27 85 11 33 38 15 24 100 90 63 4 62 99 9 114 26 55 12 19 107 
41 26 110 19 22 92 64 36 11 0 76 51 60 66 64 113 93 25 0 82 115 
42 59 74 33 76 76 17 36 54 46 80 118 95 5 68 90 92 43 37 115 89 
100 61 78 121 17 83 9 31 39 20 107 23 94 43 20 98 40 73 114 94 116 
83 57 35 28 68 106 2 112 123 33 93 4 13 101 70 31 68 124 69 127 52 
73 43 106 106 66 50 125 44 97 116 6 46 9 38 117 20 6 100 44 118 83 
2 121 10 22 110 63 106 85 117 111 125 75 114 59 75 12 110 88 65 51 112 
97 98 95 1 92 19 68 107 123 66 55 94 127 98 90 110 73 80 55 109 114 
100 36 51 2 98 112 52 58 10 100 24 29 46 40 126 117 100 68 106 5 57 
32 40 40 110 98 99 111 118 34 94 50 41 40 89 118 74 49 90 32 86 20 
26 23 80 2 104 5 60 122 118 42 56 10 127 72 34 43 56 41 10 55 11 
71 54 31 94 10 100 81 88 35 12 95 6 96 70 23 17 95 50 113 125 60 
80 24 37 101 21 48 27 68 100 53 40 68 83 88 113 64 55 0 38 125 86 
80 81 68 68 9 84 8 32 56 114 104 0 90 121 53 70 42 55 89 93 13 
124 37 97 77 19 96 90 87 5 46 8 71 72 44 107 96 33 106 73 78 121 
111 1 102 22 28 84 19 100 49 30 104 91 42 94 11 81 105 117 5 99 22 
94 3 114 54 66 70 35 76 72 67 113 116 73 41 34 7 74 8 99 51 94 
18 88 13 22 71 108 25 31 76 5 79 44 9 97 52 71 78 41 24 41 5 
93 36 23 87 30 89 13 75 103 7 26 36 83 55 20 90 59 42 119 10 73 
57 123 74 35 112 125 94 84 104 51 23 34 33 126 71 50 12 61 95 40 57 
17 127 87 93 71 56 82 69 31 110 24 27 50 75 4 9 112 101 98 33 84 
39 95 80 30 7 122 102 18 0 25 16 54 78 88 18 104 104 51 119 14 6 
16 43 48 67 57 76 104 44 5 95 51 0 93 34 52 61 43 25 5 1 77 
66 110 69 102 3 10 87 46 47 28 102 98 22 103 14 65 124 59 83 124 28 
99 118 55 64 80 65 86 28 73 36 76 44 84 28 35 38 99 123 115 22 39 
14 35 19 87 125 16 106 82 13 44 61 57 106 60 48 106 59 75 17 73 22 
28 69 110 67 86 10 82 91 37 121 74 66 53 55 126 105 74 2 55 8 46 
116 40 97 17 1 48 63 102 123 74 64 96 43 93 127 17 123 49 63 67 2 
117 74 119 18 78 84 60 61 103 85 83 119 28 31 98 121 63 15 103 113 97 
45 86 48 80 42 104 64 42 99 100 14 93 113 60 54 96 80 84 119 32 32 
1 110 40 125 17 28 90 60 16 123 51 115 12 39 32 120 101 41 8 64 11 
15 56 10 41 61 64 86 99 82 125 32 44 58 127 36 81 28 104 54 14 29 
66 37 53 38 18 37 3 29 99 46 52 3 84 60 56 67 89 57 119 45 126 
89 31 38 58 43 5 110 125 107 45 46 108 0 80 106 100 106 108 63 7 119 
22 122 15 73 114 19 16 31 71 56 84 1 12 103 65 63 117 105 31 49 99 
67 106 9 45 25 45 109 117 58 77 37 108 57 50 124 117 120 34 24 87 17 
83 107 117 37 26 101 22 116 52 2 118 32 16 97 9 25 91 125 69 123 1 
48 78 22 118 109 73 50 86 47 73 93 65 5 105 125 32 13 59 107 127 49 
4 71 119 113 28 72 83 11 29 115 5 19 83 17 36 73 0 87 92 105 57 
127 10 119 93 11 39 55 119 33 92 60 22 41 9 127 126 29 1 40 8 75 
22 112 76 36 41 117 113 69 127 47 87 75 25 41 127 104 74 32 105 125 9 
122 117 30 54 124 89 61 90 44 17 39 64 84 3 112 80 15 81 117 1 87 
7 75 113 9 124 84 36 90 101 117 32 31 8 81 58 13 29 125 54 79 39 
65 5 13 24 105 69 11 92 122 76 71 1 108 44 24 120 34 48 103 115 110 
99 11 82 114 83 82 20 89 114 57 73 3 52 102 58 79 53 126 74 46 116 
19 64 47 21 109 27 120 59 87 123 97 114 79 100 56 0 22 36 19 112 13 
83 52 35 62 1 84 99 65 73 123 43 46 45 66 59 107 51 58 38 97 4 
118 25 120 85 57 89 57 109 2 103 53 31 5 26 67 24 127 124 121 55 125 
92 114 115 1 93 97 119 19 105 99 103 58 76 54 20 20 98 36 125 89 56 
29 69 31 118 111 22 70 121 6 31 51 29 30 65 54 41 24 43 8 27 80 
30 108 11 110 76 96 37 85 74 76 22 3 89 87 23 49 39 57 53 76 59 
56 86 69 27 88 23 82 82 63 71 77 45 57 67 13 5 85 108 46 63 122 
107 93 67 110 77 125 49 56 3 118 77 91 31 56 17 49 26 3 99 74 127 
4 18 23 72 1 104 33 117 120 55 48 89 45 40 87 101 43 32 59 1 43 
53 55 77 125 65 107 38 42 50 104 32 2 45 87 24 44 43 73 82 47 99 
28 97 15 56 76 36 27 42 93 29 87 109 92 26 71 120 83 89 21 74 71 
32 1 19 36 73 0 40 33 59 87 30 117 1 3 102 9 40 126 69 55 95 
57 59 62 35 16 8 58 73 40 101 112 23 111 2 75 99 116 31 25 84 121 
36 82 91 81 111 2 12 58 8 40 57 70 58 49 58 126 39 97 116 33 76 
