500 11
14 9 27 29 3 14 21 18 19 31 14 
29 2 30 19 13 1 10 11 15 15 19 
10 30 20 9 16 31 25 30 13 11 17 
20 26 4 1 13 2 15 14 16 27 10 
17 22 27 31 19 2 4 29 13 22 5 
30 6 9 10 29 5 22 7 29 23 5 
16 29 10 7 23 17 20 1 15 9 23 
20 4 29 29 16 9 18 6 23 9 31 
17 17 23 8 30 28 6 18 18 11 30 
31 12 5 22 26 26 29 18 2 14 26 
5 6 21 7 23 10 3 29 0 16 16 
18 26 17 4 7 23 14 22 10 20 26 
4 31 31 23 25 16 17 25 30 1 16 
18 20 20 11 25 3 30 7 15 5 22 
6 30 19 16 7 17 17 20 15 30 13 
14 2 18 26 28 9 15 18 10 8 16 
25 20 7 12 18 1 6 4 26 15 24 
23 6 29 5 6 23 25 26 3 14 20 
5 14 11 29 20 15 0 21 11 12 23 
24 25 7 7 18 19 19 24 18 5 22 
1 30 19 25 29 10 7 18 2 31 4 
4 27 2 25 11 12 5 8 17 19 4 
31 23 26 18 30 12 24 30 29 7 23 
27 31 31 11 21 15 21 7 23 9 24 
2 3 14 22 17 23 9 30 2 10 9 
20 21 4 19 20 9 25 16 31 16 6 
23 12 7 13 25 14 22 30 11 3 9 
15 16 12 25 31 18 10 20 8 26 8 
21 22 17 0 21 3 3 3 10 16 4 
4 10 11 11 1 25 5 22 11 23 11 
29 10 19 1 9 11 18 14 13 7 28 
20 27 27 11 6 10 25 4 27 27 18 
6 11 7 21 26 4 0 11 15 10 24 
1 19 13 22 2 7 20 4 21 14 4 
9 15 23 20 28 27 22 7 7 25 22 
20 27 5 31 28 31 6 11 30 20 13 
5 1 20 27 2 18 8 19 0 4 30 
12 27 13 12 27 31 0 31 7 18 22 
25 23 17 28 30 29 28 17 12 12 10 
15 28 27 21 17 16 27 21 13 8 2 
2 26 11 27 18 20 24 13 22 31 16 
25 29 16 23 12 5 6 31 27 11 27 
10 8 3 8 4 0 13 25 27 14 6 
16 21 27 3 22 17 1 27 9 10 0 
1 19 4 18 8 3 0 17 29 6 12 
27 12 19 21 13 17 13 1 12 25 30 
12 7 22 30 26 23 27 2 4 12 17 
8 27 6 26 18 10 16 9 18 6 28 
28 5 25 5 28 21 4 4 10 1 2 
13 29 29 26 16 0 9 2 25 30 31 
5 28 0 2 11 24 4 24 21 25 15 
22 12 10 16 18 23 25 20 28 4 20 
4 14 2 21 14 28 21 5 7 19 11 
2 2 1 23 0 17 5 6 18 19 15 
23 18 29 31 21 30 4 18 25 4 1 
9 16 28 16 30 20 10 13 29 6 2 
22 15 21 13 15 9 17 22 13 29 5 
13 22 17 26 9 3 19 13 24 25 3 
2 15 27 10 12 18 0 10 21 16 8 
15 10 8 29 7 18 16 7 24 14 14 
15 1 20 9 12 15 21 27 28 10 22 
8 4 19 9 29 11 18 21 17 22 16 
5 20 24 26 25 24 18 3 24 5 20 
31 1 22 11 22 15 9 5 29 12 14 
27 0 29 31 4 9 15 16 27 2 3 
30 27 15 28 13 10 26 25 22 19 1 
26 5 18 12 22 11 15 17 13 7 23 
18 25 0 11 17 7 28 14 5 5 25 
0 8 27 8 23 4 12 29 15 14 29 
23 25 28 19 22 15 25 27 1 20 12 
10 21 5 11 25 19 20 19 25 22 14 
30 8 20 24 11 6 15 31 22 16 31 
16 10 12 18 15 14 18 3 16 9 17 
14 19 22 5 3 4 25 0 8 22 27 
7 11 13 0 15 3 24 13 24 19 3 
7 3 28 30 30 13 5 7 30 4 27 
5 0 26 17 6 22 3 10 11 20 14 
13 11 21 5 19 21 23 2 30 19 9 
24 2 19 28 1 20 12 18 8 10 23 
5 15 13 3 24 20 10 17 11 6 5 
16 18 17 11 14 17 18 4 14 12 17 
24 8 25 21 24 17 27 19 25 6 16 
5 12 8 5 18 17 1 30 13 10 18 
6 8 6 17 27 15 5 7 16 4 26 
10 23 22 23 22 18 2 13 19 26 18 
15 21 21 18 12 1 0 21 4 28 30 
14 25 16 11 31 21 31 11 9 26 10 
14 9 31 14 12 20 6 23 25 1 26 
3 20 5 30 27 16 30 18 25 26 10 
12 24 23 6 30 7 28 14 31 14 26 
23 29 14 19 2 9 9 23 31 8 3 
4 3 26 4 4 23 14 23 12 15 10 
11 15 28 28 31 23 19 20 19 28 2 
12 26 10 11 15 17 0 29 0 16 1 
12 26 9 21 14 20 20 8 7 6 17 
14 13 12 25 21 16 15 0 7 24 28 
19 7 17 11 12 6 23 11 4 1 6 
29 13 21 26 6 20 8 12 11 6 16 
4 28 9 22 24 5 12 19 20 18 17 
1 28 6 22 10 12 21 31 31 30 2 
28 14 24 5 3 27 30 0 6 29 18 
18 19 13 27 18 11 17 9 28 6 2 
27 5 22 30 29 10 26 31 16 20 7 
7 7 23 8 28 19 2 24 22 21 30 
30 1 2 16 31 21 1 3 2 29 23 
2 21 12 17 17 14 20 4 19 8 31 
30 14 30 14 7 14 11 18 14 1 25 
7 29 4 24 22 17 6 3 19 8 17 
26 11 1 27 28 24 16 3 0 0 9 
20 27 17 17 21 27 27 19 16 3 10 
21 10 27 20 25 13 25 22 4 1 30 
9 29 24 16 14 1 8 9 30 31 7 
8 27 16 31 16 12 0 12 8 5 21 
17 17 22 29 22 0 13 29 9 7 27 
30 28 5 30 24 14 31 26 2 15 29 
4 17 22 18 25 24 19 30 25 8 19 
6 19 8 8 16 26 26 26 12 31 29 
19 3 22 7 7 17 26 25 23 0 19 
19 18 25 9 18 4 17 26 13 3 7 
30 9 22 7 21 15 12 1 11 0 11 
3 24 16 0 4 6 27 4 26 31 25 
18 17 23 9 18 0 19 27 0 17 16 
1 27 0 28 21 4 11 21 29 29 19 
11 3 11 29 23 28 18 11 27 18 19 
11 17 30 1 23 18 0 17 22 14 8 
25 12 20 29 1 6 1 25 5 1 4 
29 2 9 20 15 16 14 5 18 14 9 
31 17 9 8 15 9 24 20 28 23 19 
21 21 19 12 16 22 24 25 2 26 1 
27 28 18 0 0 24 16 8 19 0 26 
3 7 6 15 20 6 29 23 7 28 24 
20 22 1 28 21 1 7 1 10 1 19 
22 0 28 31 24 23 11 20 7 5 6 
15 7 9 27 7 26 23 12 26 24 1 
11 3 8 6 22 29 17 30 24 10 27 
14 17 28 7 9 21 6 9 4 15 10 
26 8 13 4 1 28 22 21 29 25 0 
8 12 25 6 30 29 17 16 6 15 1 
0 26 9 30 28 7 30 8 16 4 6 
8 0 18 6 23 25 4 9 5 28 4 
3 25 2 20 21 28 8 27 31 22 24 
27 26 10 8 6 25 13 15 25 24 10 
4 18 6 0 14 31 11 1 17 4 11 
12 26 4 11 7 28 26 21 5 11 0 
17 5 16 0 13 12 2 18 29 31 10 
13 19 28 26 0 13 27 0 7 18 9 
28 24 28 14 28 26 19 10 25 12 12 
24 24 13 27 9 13 15 13 22 28 11 
14 8 17 6 1 14 16 13 1 24 16 
13 27 12 13 4 29 7 30 12 27 3 
29 27 9 26 9 16 30 5 28 0 15 
8 23 7 2 0 21 18 13 11 29 14 
20 24 22 14 7 8 2 29 6 2 8 
11 10 26 21 6 4 0 7 15 16 9 
13 4 2 15 21 4 8 7 19 20 28 
28 15 19 30 19 16 1 8 11 9 3 
13 27 22 15 28 9 5 29 25 0 21 
10 5 5 22 16 2 1 18 22 20 27 
0 19 16 9 9 18 18 2 28 24 19 
3 12 25 15 7 5 28 4 11 17 8 
17 30 28 14 24 17 31 28 26 30 8 
1 18 12 9 29 26 2 4 18 15 25 
21 7 5 19 24 0 9 21 27 12 21 
0 5 22 3 12 11 15 28 0 20 0 
19 31 11 20 3 23 18 6 26 8 28 
5 19 30 1 17 28 21 30 16 27 23 
24 30 6 26 24 11 3 22 19 4 10 
2 6 5 12 4 23 28 18 25 0 19 
2 13 24 5 0 26 0 24 22 4 3 
4 20 30 9 12 23 20 27 26 27 6 
6 20 3 26 23 22 31 20 12 8 4 
1 27 22 19 10 6 11 29 14 30 17 
30 9 14 4 19 31 1 2 15 13 13 
5 23 13 16 2 9 12 15 12 15 15 
23 13 3 16 18 16 7 8 2 31 26 
26 14 1 28 27 8 31 25 26 22 23 
25 19 29 0 16 3 22 8 26 9 24 
28 22 30 1 8 20 22 8 19 8 30 
19 3 16 24 8 8 14 21 16 9 30 
7 29 4 9 0 11 29 0 11 24 9 
25 27 6 12 5 22 22 9 22 18 22 
16 6 1 8 18 21 6 5 27 0 2 
18 19 17 28 28 19 28 18 6 3 1 
27 1 10 7 15 15 3 27 1 28 7 
0 7 21 18 20 3 1 9 17 14 17 
23 2 29 22 3 19 30 8 14 4 5 
7 6 19 3 28 30 24 29 10 20 27 
0 17 23 29 5 13 28 15 1 4 9 
12 18 31 16 28 14 8 29 17 16 20 
19 2 19 11 25 7 19 19 10 20 16 
28 19 30 29 17 20 3 3 26 13 4 
6 3 21 17 7 14 13 7 27 11 6 
4 12 14 29 29 0 15 17 31 16 26 
1 16 12 6 12 28 27 20 6 31 23 
20 25 22 9 9 15 11 4 22 8 16 
21 2 1 9 10 16 24 8 31 21 12 
22 4 1 31 19 19 25 11 16 9 19 
26 6 12 23 6 12 28 19 10 10 2 
28 14 30 27 6 23 26 21 9 14 11 
7 9 27 7 10 30 21 13 2 27 30 
26 0 24 10 17 7 30 9 24 14 7 
5 0 24 7 13 24 1 26 28 22 18 
17 19 13 29 16 25 14 8 9 17 7 
16 30 6 26 9 21 22 7 4 28 31 
28 16 13 22 4 21 30 31 3 3 1 
25 7 21 0 29 23 14 27 6 25 29 
17 25 16 13 21 11 15 7 14 13 2 
19 26 2 5 21 18 30 6 26 14 17 
8 15 21 10 3 22 23 14 12 15 25 
9 22 28 17 27 17 5 28 11 13 18 
25 3 17 11 6 19 11 8 12 30 16 
5 8 4 28 1 0 21 24 31 28 3 
14 12 18 18 8 29 8 10 15 28 13 
4 2 31 16 31 2 0 14 19 14 29 
30 10 5 23 5 18 7 2 6 27 30 
10 6 9 6 28 21 17 18 17 6 19 
1 16 4 12 15 29 21 24 2 29 3 
16 22 22 8 4 11 1 2 24 1 17 
13 19 4 12 19 30 16 30 13 15 29 
9 12 7 16 18 28 5 4 8 22 0 
26 20 25 3 0 17 1 30 24 3 14 
26 5 27 16 2 8 26 5 22 2 14 
29 5 16 4 23 0 9 3 17 7 0 
13 16 28 21 5 12 8 14 3 21 14 
26 18 11 20 28 5 14 15 1 11 21 
14 3 21 28 25 12 3 22 8 8 31 
0 23 20 17 30 11 8 13 29 5 29 
13 2 9 26 22 19 18 2 10 10 6 
5 24 30 15 1 21 22 12 2 2 1 
20 18 28 28 22 1 23 24 19 22 25 
29 29 24 27 4 7 2 2 10 19 12 
31 17 23 28 21 31 30 25 0 12 19 
20 22 23 28 29 20 17 15 26 4 27 
16 19 4 0 12 25 25 6 2 10 31 
21 11 11 16 25 26 4 29 24 22 26 
16 26 3 18 7 2 2 14 15 4 25 
16 20 14 28 17 13 2 29 10 15 0 
23 2 10 7 24 1 9 27 29 28 17 
29 10 13 10 1 13 22 12 29 9 0 
9 0 9 24 23 0 18 10 22 4 5 
28 23 20 1 18 26 22 10 0 20 9 
0 16 15 9 5 24 1 13 19 17 10 
15 5 4 6 23 17 28 16 4 3 16 
6 30 25 13 27 30 5 17 18 1 24 
11 16 17 9 23 12 5 10 9 6 11 
4 12 15 21 17 27 2 8 18 3 14 
14 3 20 4 22 30 26 6 16 14 21 
22 4 14 5 12 10 24 3 30 15 7 
15 13 20 13 23 30 26 1 5 17 8 
24 25 12 28 10 2 11 0 29 9 9 
20 7 1 26 23 18 16 25 13 25 12 
6 6 23 2 19 19 14 19 12 4 15 
5 16 29 21 14 5 16 25 22 25 2 
20 2 4 14 22 10 28 30 25 13 0 
26 8 29 17 9 16 27 24 22 12 5 
2 21 16 1 10 11 7 29 15 26 22 
17 10 5 4 0 12 23 21 6 4 13 
27 17 24 26 8 31 9 23 10 7 22 
1 23 16 17 5 27 13 31 11 26 10 
8 26 4 29 0 19 18 30 31 26 0 
11 26 29 27 8 18 27 8 9 27 15 
29 28 22 0 24 1 20 5 12 4 10 
30 16 14 5 3 12 25 13 10 25 17 
3 24 17 17 12 25 27 8 22 6 0 
26 16 6 11 8 12 18 21 24 1 25 
9 20 11 16 27 26 7 3 14 2 2 
3 3 13 1 8 11 7 12 21 22 23 
21 29 10 10 18 29 6 0 29 14 6 
1 19 21 6 6 6 9 23 30 24 6 
29 17 23 30 14 7 4 13 27 27 20 
29 0 24 19 15 9 25 13 29 8 21 
2 16 24 18 16 24 4 19 11 23 2 
14 4 20 7 22 25 24 9 13 2 2 
30 31 14 16 3 14 22 18 0 20 4 
21 20 22 9 3 21 22 26 23 21 27 
1 14 21 8 6 6 9 30 31 24 28 
16 11 1 12 23 19 20 18 23 19 15 
24 29 18 31 15 11 26 22 17 12 19 
19 16 20 20 17 2 4 9 1 18 14 
27 2 27 26 8 19 1 9 23 12 18 
9 29 1 25 20 20 21 11 22 17 19 
14 28 10 16 31 17 10 21 6 12 2 
8 27 17 11 8 14 6 26 18 8 2 
7 17 8 2 0 26 29 22 10 15 3 
14 5 22 14 24 13 23 10 12 31 19 
11 24 16 31 26 31 18 14 5 27 20 
7 5 15 8 8 13 1 16 15 2 17 
21 18 21 9 29 26 17 19 16 29 26 
15 0 2 15 23 10 27 24 17 26 17 
29 27 20 24 26 28 6 26 14 3 5 
17 28 0 25 1 3 29 22 14 21 24 
15 17 11 15 11 20 3 10 22 14 4 
10 9 16 22 30 6 12 21 16 15 1 
7 24 13 20 20 29 31 25 20 1 28 
22 25 29 30 0 5 3 0 7 21 20 
7 11 15 14 6 7 31 15 28 15 30 
8 27 10 3 25 1 31 18 24 30 8 
31 24 16 2 1 4 2 5 4 25 3 
9 24 2 31 9 12 31 0 24 18 20 
4 21 6 21 13 23 21 29 15 9 14 
13 15 31 22 1 2 25 14 20 1 25 
9 5 17 27 10 18 7 13 20 27 6 
3 13 5 10 5 29 16 9 9 9 20 
8 16 18 6 6 8 29 14 2 21 17 
21 9 15 29 9 27 20 17 2 21 21 
7 19 2 25 21 30 24 24 23 3 4 
1 11 11 21 17 25 27 4 23 7 29 
20 19 13 29 9 2 27 14 9 25 9 
18 26 26 8 11 16 26 18 6 14 16 
20 16 19 5 6 29 0 1 21 30 1 
14 5 6 17 0 23 0 24 7 15 10 
31 7 27 8 21 3 28 15 14 13 6 
12 8 20 13 25 18 28 9 17 24 1 
9 3 26 9 30 17 9 20 8 19 15 
26 8 26 10 28 4 23 7 27 31 24 
17 6 21 29 21 26 3 7 7 10 17 
4 13 4 30 10 9 10 11 13 4 18 
19 3 18 28 14 16 20 17 23 11 13 
21 30 30 0 21 20 23 23 5 31 26 
21 25 9 29 21 27 13 0 16 7 19 
24 11 6 12 29 7 15 24 3 25 7 
11 23 24 15 2 21 29 2 16 25 15 
21 20 0 8 13 21 5 31 8 17 24 
8 4 31 2 5 10 2 4 8 16 21 
1 22 2 13 14 27 15 16 29 14 28 
14 31 8 16 6 26 19 25 10 20 10 
4 27 19 4 11 17 17 6 8 31 14 
31 19 0 12 14 19 10 0 20 9 4 
10 26 3 5 10 8 19 26 6 14 21 
0 22 2 11 16 2 4 25 30 19 20 
21 0 24 4 0 30 17 31 17 8 5 
19 15 29 29 2 5 1 1 21 13 13 
9 25 27 6 24 7 10 27 16 6 27 
21 6 5 31 10 26 7 12 9 18 7 
1 2 26 0 2 30 18 0 28 6 11 
20 14 15 1 16 14 27 28 16 31 6 
6 27 2 27 19 4 18 2 31 8 15 
13 26 21 11 1 31 22 16 19 7 8 
26 2 4 13 18 13 31 5 3 10 25 
28 24 11 6 7 1 9 4 22 30 4 
24 11 7 19 7 3 14 20 13 25 5 
22 9 16 18 29 30 8 25 10 29 3 
30 4 3 0 7 0 23 26 10 28 23 
9 23 5 17 5 28 25 29 2 23 26 
29 6 12 5 29 28 19 18 16 10 11 
20 3 11 19 27 1 9 13 2 6 25 
25 7 0 19 19 18 9 18 18 11 24 
30 17 13 9 23 3 23 27 12 10 29 
20 30 2 26 19 7 10 27 30 30 25 
4 16 24 0 7 16 11 30 27 20 25 
31 3 31 5 17 30 8 13 17 10 8 
25 14 26 9 1 18 29 3 27 22 2 
22 31 20 19 12 13 3 11 3 10 13 
19 30 27 27 4 1 17 18 11 15 10 
1 8 19 10 23 22 1 24 13 21 17 
20 5 20 13 27 7 28 6 31 15 14 
0 16 24 1 19 18 28 0 21 23 14 
31 11 2 19 28 9 21 20 25 0 0 
19 3 28 4 29 1 16 16 25 2 3 
31 19 15 7 16 1 3 29 22 29 3 
13 19 10 16 19 5 14 19 9 20 22 
3 6 3 11 16 4 3 15 4 22 18 
23 4 12 18 13 28 13 24 0 21 0 
29 17 26 25 21 8 7 12 27 14 7 
30 30 10 24 10 0 2 21 26 10 7 
31 9 25 22 28 19 23 17 24 9 11 
29 3 4 4 4 30 20 23 23 26 24 
19 10 17 10 1 0 25 19 2 10 28 
6 15 19 18 21 24 31 30 28 4 0 
30 13 5 19 30 7 16 17 12 12 8 
26 10 15 15 29 18 8 24 3 11 26 
8 3 29 30 7 28 27 11 27 1 12 
30 21 28 4 30 18 4 24 15 10 21 
13 7 3 3 26 25 15 25 11 21 17 
24 28 11 5 10 4 30 1 8 7 19 
15 24 13 11 5 5 1 9 12 30 9 
27 20 4 7 22 16 13 31 6 10 30 
7 28 3 21 19 0 4 23 14 20 9 
23 29 16 24 31 5 26 31 17 31 9 
27 25 12 31 27 26 24 23 29 8 5 
3 8 11 6 15 8 26 29 22 26 17 
9 0 2 29 22 19 3 15 20 20 6 
13 10 13 25 24 31 27 12 2 29 12 
17 17 23 17 26 21 6 20 11 22 9 
24 13 0 0 13 26 2 15 20 7 16 
10 31 5 8 28 1 7 9 13 5 10 
20 13 6 19 27 21 6 31 19 23 16 
1 3 0 18 0 22 0 27 6 1 16 
19 29 11 11 29 9 8 25 22 21 30 
0 20 12 28 20 3 22 21 17 6 0 
1 5 6 17 21 24 29 2 18 15 26 
4 2 12 6 20 1 1 14 20 27 21 
6 10 8 22 20 24 20 30 6 11 7 
14 3 27 26 11 21 4 26 1 5 20 
7 0 21 15 11 29 18 23 26 30 2 
12 25 21 19 26 4 21 17 28 1 29 
1 17 31 17 27 11 7 31 29 2 14 
7 26 27 19 22 19 30 18 9 28 15 
23 8 24 18 29 18 0 22 5 18 12 
4 27 11 0 0 22 27 0 19 27 12 
15 30 28 13 14 30 12 29 25 4 24 
23 15 19 29 31 15 22 10 2 2 27 
13 6 18 12 17 13 15 19 3 14 19 
1 29 4 18 22 1 17 16 23 21 22 
8 19 13 15 12 27 24 23 1 12 6 
20 24 22 26 31 3 25 2 6 19 10 
9 14 24 5 11 23 11 19 24 4 30 
29 20 30 15 18 28 22 7 19 13 25 
27 25 29 29 7 14 11 15 9 17 14 
23 14 25 15 20 4 2 4 0 29 5 
26 29 3 18 21 27 12 17 3 11 12 
24 22 12 2 30 17 26 9 31 13 23 
10 21 30 0 14 16 18 3 28 25 23 
22 20 26 23 2 10 8 26 22 22 7 
19 21 26 2 28 1 0 27 10 15 5 
27 20 2 14 2 7 27 1 3 23 23 
15 22 30 10 9 19 17 20 27 12 12 
9 27 21 4 11 21 20 27 22 20 11 
21 26 7 26 2 8 14 16 13 26 16 
1 22 21 17 10 4 27 5 31 5 5 
25 30 21 0 8 13 17 4 2 25 3 
22 14 9 30 31 23 21 17 8 20 29 
19 8 9 17 2 13 4 2 24 4 14 
19 11 23 2 28 4 24 1 9 2 22 
9 12 2 31 18 19 22 25 27 21 22 
15 8 5 25 1 2 23 25 12 17 2 
3 0 24 14 8 8 5 31 13 21 21 
29 2 5 29 20 31 28 3 17 2 8 
3 28 28 0 19 21 31 1 17 25 3 
13 6 14 7 11 25 9 21 13 3 7 
29 18 22 6 16 20 0 24 27 3 8 
1 1 7 17 30 4 2 27 9 1 11 
22 21 22 29 29 26 13 27 0 8 24 
18 30 9 17 19 3 14 29 6 12 16 
15 27 14 1 22 2 31 22 9 29 19 
16 16 22 19 6 21 29 16 31 28 26 
1 31 12 12 23 19 24 2 31 13 1 
29 20 19 23 14 28 8 19 10 12 22 
26 17 29 3 23 27 15 15 22 29 4 
11 26 6 7 13 24 7 23 19 21 6 
22 2 29 2 21 26 7 10 24 29 24 
19 6 23 24 13 19 15 15 5 16 28 
14 5 30 17 0 31 11 0 23 6 10 
27 5 17 7 29 28 30 6 11 9 30 
13 3 13 25 6 24 6 21 0 12 6 
15 3 18 31 23 12 1 7 7 5 4 
16 24 3 19 20 6 2 23 23 14 0 
22 21 17 8 6 13 31 4 30 6 13 
29 4 7 16 22 26 2 17 25 5 16 
23 4 5 29 17 28 5 24 13 14 30 
2 24 6 27 7 1 2 29 14 26 16 
1 24 4 23 7 0 19 8 28 27 5 
2 29 11 13 9 26 30 25 14 16 15 
27 25 17 15 14 19 12 22 28 12 2 
19 10 16 14 22 24 26 7 12 27 12 
17 0 15 1 8 10 31 13 6 18 15 
10 21 30 26 9 1 16 8 7 17 17 
19 28 15 9 11 22 9 31 5 9 18 
27 11 16 28 15 16 6 28 29 19 13 
14 23 10 0 15 4 25 3 11 4 26 
26 25 20 30 15 21 3 7 19 26 22 
21 6 7 13 11 2 27 24 7 29 26 
5 12 15 19 17 8 26 31 7 21 21 
28 29 13 12 14 14 12 11 10 5 7 
31 8 30 17 31 5 15 29 4 7 26 
4 21 21 17 18 5 3 31 6 24 6 
0 18 25 24 8 14 18 17 4 11 27 
2 7 16 11 19 19 2 31 16 31 23 
24 24 9 1 28 10 25 4 11 15 11 
27 21 3 1 9 21 27 31 7 5 26 
2 20 28 21 21 0 10 29 8 12 16 
19 21 12 15 18 25 17 17 26 15 20 
19 24 14 28 29 21 0 0 11 17 1 
25 9 25 31 13 16 4 13 4 4 7 
7 8 6 25 3 14 6 2 26 2 19 
17 3 6 2 7 6 21 20 4 8 20 
28 26 0 18 0 7 20 1 4 22 13 
27 31 9 19 27 27 27 9 21 11 0 
19 17 10 1 14 22 26 0 6 19 30 
24 29 18 24 9 11 4 0 9 21 3 
1 17 22 19 9 10 19 31 7 8 2 
30 23 2 10 24 14 21 24 8 12 22 
24 14 15 11 22 10 29 28 6 30 3 
14 17 2 27 26 13 6 14 8 4 15 
30 13 1 24 23 20 20 29 14 13 16 
24 10 10 9 15 20 6 13 28 9 10 
25 10 26 8 24 22 2 7 12 2 21 
9 0 17 13 17 22 0 18 26 9 23 
13 18 29 29 22 26 0 3 0 19 6 
29 11 5 28 1 5 19 13 11 29 29 
29 11 17 8 9 13 5 14 24 7 18 
26 14 21 30 25 16 5 21 31 4 11 
13 28 12 0 16 25 27 16 28 22 5 
22 11 21 8 7 28 29 27 11 17 20 
12 5 21 24 9 22 25 25 1 6 12 
10 3 12 16 16 20 18 13 6 0 6 
29 15 12 12 7 7 12 24 16 18 0 
14 23 13 13 0 1 5 31 15 17 1 
14 25 30 20 19 15 31 28 0 9 27 
8 29 21 23 1 24 24 7 10 4 20 
