500 21
3 7 28 31 1 16 26 14 19 1 0 29 28 1 24 4 30 9 4 5 10 
7 6 19 2 25 12 28 22 25 18 21 25 19 10 21 18 20 5 9 2 22 
28 16 12 10 1 21 5 29 13 29 2 2 28 26 3 31 3 19 16 1 10 
23 2 10 18 3 12 23 11 12 4 25 9 5 15 11 29 4 21 21 31 16 
29 19 5 15 16 7 2 2 22 5 19 17 1 24 30 4 9 9 30 23 11 
9 10 14 29 12 30 2 9 19 26 31 15 27 27 25 22 9 20 28 15 23 
21 31 11 15 19 21 14 26 25 26 17 31 27 12 30 23 12 31 10 2 29 
15 7 23 4 13 5 24 22 27 18 27 2 11 15 13 18 29 6 24 7 5 
27 26 16 24 19 20 7 27 4 25 15 20 7 5 28 9 4 27 6 21 30 
26 12 31 7 2 24 18 17 6 9 6 19 25 21 0 11 22 10 28 6 1 
13 14 22 10 26 15 13 25 4 7 6 17 26 25 25 21 26 9 27 15 15 
9 20 7 23 26 19 9 28 0 19 25 14 4 11 20 11 4 13 4 4 26 
0 29 0 17 17 18 16 24 24 7 18 7 2 2 31 11 21 12 15 5 31 
12 20 18 11 21 24 29 19 20 30 21 8 11 27 25 1 29 14 14 3 2 
27 28 25 24 7 23 21 14 17 17 31 1 28 6 14 18 5 12 0 12 13 
1 29 7 18 17 27 11 21 8 19 21 2 30 2 18 4 19 17 15 11 8 
15 29 14 5 13 26 10 13 1 0 16 29 29 15 2 8 6 30 20 19 4 
21 6 12 13 2 16 30 19 18 21 7 22 6 24 6 14 22 21 7 12 9 
8 5 15 27 23 21 28 22 20 29 25 3 0 4 8 2 9 22 24 15 13 
11 24 19 28 29 15 25 15 18 27 16 14 15 18 29 4 5 17 1 17 8 
2 21 15 31 6 13 10 14 16 0 27 9 18 1 17 4 22 28 19 22 29 
26 9 25 0 14 31 19 4 24 1 24 17 15 7 6 9 7 27 4 5 15 
24 9 1 21 1 31 16 29 27 17 1 6 10 5 18 0 12 24 9 23 2 
16 21 11 11 5 16 7 22 25 21 2 24 1 25 22 18 29 6 2 9 9 
22 27 24 27 6 7 27 23 14 6 30 25 29 14 1 10 31 26 10 5 5 
29 18 18 11 24 23 28 31 23 2 15 18 9 25 20 5 6 26 19 28 23 
21 0 15 1 1 11 25 28 26 17 9 15 31 2 22 14 27 10 4 14 2 
24 13 13 26 26 15 13 10 31 23 10 29 7 20 29 26 23 31 28 4 13 
13 9 12 27 11 31 29 16 30 9 22 9 18 13 13 31 30 24 20 10 16 
8 27 5 0 13 6 16 30 30 1 12 18 18 31 20 20 12 27 7 10 13 
0 31 18 10 9 10 8 14 7 4 20 11 18 18 2 15 29 28 30 13 11 
31 16 29 24 28 8 23 31 17 3 17 9 24 19 24 30 31 1 23 21 17 
4 4 20 17 26 22 5 23 22 18 7 5 26 5 16 26 11 17 15 28 1 
31 25 8 15 30 22 22 23 6 30 9 10 22 10 10 9 10 7 28 27 15 
6 9 10 10 8 27 18 0 8 26 8 30 14 25 11 26 9 30 15 2 1 
23 28 6 26 7 1 14 27 6 18 4 1 13 12 29 28 18 28 15 27 26 
17 22 8 30 22 6 29 30 14 14 24 23 5 0 22 13 2 22 16 9 7 
17 4 30 18 30 20 18 26 10 16 9 16 5 12 23 30 19 24 30 21 22 
28 16 5 16 13 0 17 14 2 18 13 1 27 7 13 23 31 20 8 14 22 
17 9 12 30 18 7 7 15 2 24 24 31 14 7 18 20 6 8 7 24 6 
17 25 17 21 28 19 31 19 31 3 2 22 31 14 10 3 3 2 2 11 12 
3 30 30 18 31 15 24 22 23 2 8 23 26 16 16 27 8 21 12 2 21 
18 11 15 4 1 2 31 1 4 29 29 19 13 24 13 13 25 5 2 31 4 
28 27 15 23 3 18 24 28 1 9 16 18 0 30 16 10 2 30 5 3 29 
1 4 7 30 10 27 17 18 4 19 4 29 29 23 31 13 2 31 24 16 29 
10 9 18 8 4 19 9 20 14 6 23 14 20 0 13 28 20 31 26 2 14 
20 29 11 13 3 0 10 31 31 19 15 19 22 25 27 16 25 17 0 17 12 
11 5 24 10 13 28 25 3 16 20 27 29 15 16 29 18 10 18 26 23 19 
25 28 9 0 26 13 21 15 3 15 11 23 22 24 11 19 25 3 19 12 16 
25 5 0 23 16 19 0 2 1 14 1 23 27 19 15 18 26 29 30 21 17 
28 11 30 16 1 20 6 24 9 6 27 2 12 27 7 5 27 8 4 13 14 
3 8 14 25 14 2 16 30 2 11 7 4 21 21 27 8 22 16 26 5 22 
19 9 7 24 6 7 3 0 5 23 0 4 31 19 14 24 26 15 26 9 11 
16 13 13 2 1 1 21 29 2 28 31 15 11 26 13 1 18 26 7 8 10 
18 6 11 15 28 15 17 24 29 15 27 3 10 3 2 30 30 3 20 7 7 
31 10 1 7 30 8 3 8 18 9 4 5 25 13 11 24 17 30 27 11 29 
0 2 10 9 2 24 30 15 5 11 22 22 20 5 8 5 8 23 6 20 9 
31 26 0 30 9 5 27 21 15 11 18 26 28 8 28 12 27 24 12 13 12 
14 9 12 6 20 31 23 16 3 30 15 19 17 18 18 18 17 21 2 10 6 
29 28 8 22 28 27 23 1 6 6 31 6 30 4 26 31 29 3 12 16 5 
18 8 25 17 8 19 30 31 28 25 2 25 31 8 4 31 2 13 31 8 0 
26 23 31 20 5 0 2 19 30 6 15 31 0 25 13 4 25 17 13 1 30 
13 27 9 21 25 6 22 16 20 14 15 3 20 19 30 28 23 21 8 28 27 
1 19 10 14 17 4 0 16 18 31 24 7 16 7 2 18 31 3 9 1 26 
16 20 26 17 8 31 31 23 10 19 27 31 17 18 26 8 1 25 15 2 13 
9 14 10 3 31 11 18 16 11 12 15 16 29 1 25 6 14 11 13 28 29 
6 29 18 9 1 29 18 27 10 15 7 5 15 7 1 18 2 6 9 20 26 
25 5 12 26 2 25 2 29 29 31 1 17 25 17 27 25 12 3 26 26 3 
18 28 30 8 25 30 0 0 24 5 14 14 3 13 7 1 12 16 22 0 20 
7 15 8 25 20 3 17 8 14 24 8 20 31 15 24 12 18 6 6 0 6 
29 8 24 22 24 19 11 30 19 23 10 14 25 12 25 15 5 21 22 28 20 
27 7 4 5 12 2 13 25 14 16 12 2 22 27 14 6 15 4 9 26 19 
23 24 22 18 18 15 29 4 23 31 14 3 12 3 24 23 17 9 10 9 11 
21 1 6 31 14 2 13 6 10 7 7 10 12 23 4 0 6 8 27 9 3 
14 12 10 6 1 31 15 14 3 11 29 9 28 18 0 31 10 14 29 29 1 
22 24 28 26 22 26 0 11 11 6 30 12 4 0 31 21 29 17 9 15 28 
12 8 15 4 29 26 25 10 27 6 2 16 27 29 18 26 15 4 8 9 1 
9 31 30 27 26 13 26 10 31 8 8 23 6 11 25 0 26 14 9 26 24 
1 23 30 0 22 1 10 10 13 4 23 9 21 11 1 15 20 21 22 17 21 
19 24 4 23 3 19 16 23 1 30 24 23 26 9 30 24 17 3 27 15 27 
7 3 30 15 16 6 8 26 13 4 2 6 30 2 19 10 21 14 25 23 20 
14 13 12 20 29 9 21 16 18 4 3 0 16 26 7 4 25 31 17 13 22 
5 16 26 8 9 26 15 14 27 0 19 9 25 26 25 31 18 20 19 24 14 
13 21 13 2 20 22 26 24 8 24 10 21 7 31 19 14 10 2 19 19 16 
30 31 11 23 0 27 8 10 9 19 5 8 18 1 15 14 14 21 17 13 26 
2 21 10 11 5 16 16 10 29 19 26 22 28 30 19 13 9 0 14 17 5 
19 15 14 3 21 7 28 15 26 2 11 30 16 3 24 12 10 2 8 4 13 
0 27 20 10 8 20 17 11 13 28 11 16 6 24 0 16 17 7 23 23 7 
21 19 20 24 1 3 0 10 21 5 23 8 11 21 7 18 15 11 11 17 27 
22 19 5 28 6 19 4 27 16 11 22 2 5 8 4 27 16 19 13 31 5 
5 28 9 4 18 6 4 30 26 24 31 12 16 3 4 23 12 24 19 14 6 
26 29 2 21 8 3 25 9 13 3 20 23 15 20 27 0 30 10 8 17 8 
8 8 27 4 4 22 26 25 7 1 2 1 24 31 17 31 5 26 10 22 11 
15 2 13 1 20 15 31 12 5 17 15 7 21 22 22 28 2 26 28 12 15 
29 0 24 14 28 30 23 30 4 23 15 18 20 15 9 26 3 15 27 11 11 
16 11 9 26 21 25 8 18 25 21 21 17 19 17 15 21 13 24 24 17 10 
18 0 26 3 19 5 26 19 10 12 30 9 25 18 27 25 31 18 6 26 18 
11 10 15 16 28 21 14 15 20 17 0 7 22 28 24 19 13 19 11 3 1 
10 29 7 26 3 17 18 3 17 13 10 1 1 7 18 22 31 26 16 27 30 
22 27 31 11 25 1 2 11 31 20 10 7 5 21 16 22 25 18 31 12 29 
6 8 0 26 31 3 26 27 0 2 23 23 17 25 28 8 16 23 27 28 17 
5 2 22 16 2 22 6 14 3 17 5 6 22 29 6 17 3 6 14 27 21 
2 15 7 31 19 26 15 1 26 20 14 3 1 9 7 7 31 13 15 16 8 
8 0 13 31 8 6 5 6 7 6 30 0 1 19 30 28 22 30 24 3 17 
5 13 1 24 28 21 20 31 2 7 1 31 10 31 22 4 0 7 10 31 25 
25 30 0 21 26 15 6 0 7 24 10 21 24 6 20 11 16 27 14 26 15 
21 10 1 15 0 29 31 29 30 24 2 15 29 29 18 12 5 7 1 3 12 
31 11 16 5 24 14 22 10 10 20 30 16 16 18 11 2 27 7 13 16 7 
24 13 24 30 30 3 6 25 11 27 7 1 9 3 26 16 12 5 1 9 1 
27 29 2 20 3 30 18 4 4 28 15 10 13 17 29 25 14 21 20 3 19 
29 28 19 30 28 12 5 16 15 1 19 12 17 2 7 26 0 16 0 23 5 
22 8 31 13 6 25 6 25 27 18 1 7 30 20 22 4 29 28 14 3 14 
21 18 9 7 16 10 1 5 7 16 12 30 23 20 2 18 30 27 27 20 19 
4 14 26 9 24 3 22 13 14 10 14 15 4 16 15 10 0 21 21 10 30 
13 26 23 10 11 23 17 6 15 12 18 2 22 21 23 10 27 6 31 4 11 
26 17 15 12 8 15 7 2 21 18 12 6 3 20 18 9 6 23 18 11 17 
3 9 0 21 15 7 12 9 16 28 9 12 19 26 20 25 16 12 18 9 21 
5 0 16 20 21 28 15 19 17 13 28 6 3 1 6 25 24 20 28 1 5 
6 10 11 2 23 15 11 4 19 27 15 28 17 3 26 16 15 9 19 27 24 
30 4 15 15 0 8 27 11 12 22 25 11 1 22 31 18 7 4 24 11 14 
0 21 7 3 4 25 31 10 17 7 6 12 30 7 23 7 2 1 28 14 12 
16 5 13 30 0 27 17 21 25 23 4 25 12 13 3 26 18 17 10 9 5 
25 24 27 22 0 16 22 16 3 6 26 23 28 1 16 13 29 13 21 27 24 
29 25 27 12 17 13 5 30 3 27 5 20 16 25 16 3 22 30 17 7 30 
17 16 2 23 12 31 8 20 27 16 11 7 17 29 3 8 9 24 10 19 12 
16 13 17 14 8 28 21 6 28 19 13 5 2 26 4 13 21 24 14 7 4 
4 4 24 18 2 5 17 28 14 13 14 20 10 2 12 11 27 9 18 4 9 
20 11 6 2 16 23 20 8 17 28 5 22 8 13 24 4 21 29 13 17 14 
2 31 15 27 16 26 8 27 28 12 13 27 0 8 14 14 12 13 12 3 9 
11 25 6 3 23 2 12 30 18 11 2 7 20 16 21 23 21 27 21 10 28 
13 8 5 25 19 8 10 29 29 27 17 28 15 4 19 30 30 5 28 4 7 
6 11 6 23 10 18 12 3 15 11 15 4 26 24 29 0 1 1 18 11 24 
23 1 21 14 14 6 25 4 31 9 21 17 22 3 9 9 0 15 19 6 10 
7 2 16 5 16 18 4 30 0 16 21 25 12 1 31 8 5 7 22 27 8 
0 22 17 15 6 28 14 20 5 27 23 18 1 5 25 31 7 12 21 17 19 
13 3 26 13 8 28 13 0 10 26 4 18 19 5 0 4 11 6 15 16 14 
18 20 26 5 31 11 14 25 21 17 31 11 15 12 2 8 27 14 18 31 23 
15 3 4 23 19 2 19 29 28 20 17 6 21 26 10 0 28 17 15 4 7 
11 24 22 23 6 24 19 15 8 1 4 16 22 12 4 6 19 21 28 16 10 
10 16 4 24 26 6 5 15 30 19 27 8 10 8 15 21 15 12 18 0 2 
1 3 12 19 14 28 4 19 26 10 30 18 12 12 17 28 3 19 6 11 2 
10 21 30 18 30 22 19 4 13 4 9 24 11 19 18 13 14 31 7 18 31 
27 28 18 16 9 26 10 17 15 24 6 26 5 8 3 9 16 28 6 29 9 
30 21 4 21 4 8 17 2 14 8 27 31 19 19 16 14 30 7 20 1 16 
15 12 13 31 9 31 8 3 10 17 26 22 3 28 27 5 28 8 11 23 24 
10 9 22 10 16 15 4 6 24 2 29 1 3 30 31 17 12 17 30 2 28 
31 14 17 21 11 20 23 2 20 30 4 25 22 16 2 8 23 3 14 3 18 
17 10 1 22 13 2 25 31 14 11 19 23 2 19 3 25 6 31 22 15 20 
29 29 9 4 23 23 15 21 14 2 16 15 0 29 27 7 1 13 18 7 7 
21 22 13 20 29 5 3 6 5 23 2 14 4 3 1 28 7 14 21 8 21 
14 1 31 9 9 26 19 1 6 28 24 22 29 9 24 26 18 6 6 24 13 
2 19 18 9 1 17 30 0 17 20 14 17 22 1 22 22 20 30 26 19 25 
11 4 4 20 30 3 29 1 26 2 1 30 22 26 18 13 4 20 21 9 15 
16 25 25 30 5 9 5 5 14 27 17 1 5 26 29 17 14 0 24 28 1 
5 29 21 2 5 23 13 3 18 9 16 22 0 25 2 26 29 3 1 10 18 
16 16 10 8 19 13 12 3 31 30 27 8 5 16 19 6 25 22 7 28 20 
14 1 17 12 20 15 3 28 9 4 17 13 4 1 20 25 15 9 7 30 11 
22 31 3 20 17 10 0 10 23 29 12 13 24 6 29 26 1 1 9 22 1 
12 0 25 25 19 14 0 26 5 7 27 2 8 18 11 10 11 18 16 2 31 
27 8 3 6 25 21 20 26 23 12 31 14 16 3 15 2 13 29 16 15 6 
5 1 26 24 17 8 9 4 23 25 22 24 5 20 30 18 29 15 31 15 13 
13 6 3 25 6 30 4 14 30 15 29 26 8 16 27 27 1 25 27 25 1 
15 21 27 15 19 7 28 28 21 23 21 28 7 7 17 6 26 19 29 16 2 
25 11 20 18 21 12 14 24 27 7 29 26 11 8 6 7 21 23 3 10 30 
2 19 15 22 22 25 6 31 10 9 2 28 19 9 20 28 23 3 19 24 4 
19 25 29 26 11 10 19 26 25 27 14 3 31 17 13 10 29 25 0 10 31 
5 27 30 2 16 10 17 18 28 20 28 30 24 30 17 12 22 27 11 20 26 
14 6 25 15 24 1 14 22 0 6 27 18 23 19 10 13 0 23 25 10 8 
8 8 7 9 28 10 31 20 2 14 5 17 26 12 9 29 13 17 31 23 6 
25 31 9 13 2 29 13 31 0 0 17 6 19 2 19 0 2 20 30 10 12 
25 10 29 14 20 1 8 27 0 27 19 7 6 25 17 1 26 8 8 1 3 
30 5 15 12 29 30 0 1 10 16 19 1 29 27 8 0 18 25 9 15 2 
28 5 14 28 30 20 0 11 10 5 19 10 4 6 31 17 17 29 21 21 11 
11 3 16 16 30 16 2 10 12 30 16 27 2 19 10 6 30 14 15 15 12 
23 7 22 19 6 7 28 16 1 28 4 12 26 6 7 21 17 3 13 4 5 
7 8 22 13 0 5 4 8 15 18 9 27 27 9 21 10 24 14 25 9 11 
12 16 24 26 30 23 7 25 31 7 15 1 2 16 23 18 12 23 16 2 7 
29 25 18 1 11 17 13 2 2 7 20 1 27 7 21 28 28 11 1 5 22 
3 30 29 4 10 22 22 17 11 17 30 9 23 25 3 6 0 13 10 26 25 
23 10 6 18 3 4 7 26 27 8 0 23 26 31 12 11 26 20 22 20 20 
1 6 17 0 0 11 20 15 6 8 23 31 25 11 2 21 6 5 6 1 29 
11 5 18 13 26 1 7 0 15 7 8 26 10 4 26 1 26 28 5 4 1 
17 27 14 13 20 27 4 19 0 14 27 11 26 12 3 6 29 13 5 19 25 
5 19 30 2 16 23 13 13 26 20 25 13 23 31 5 22 9 12 10 17 31 
7 3 9 8 2 6 1 10 11 19 0 20 20 4 13 4 4 14 31 3 15 
5 15 10 9 27 15 18 26 15 4 5 18 20 30 10 20 13 15 28 9 0 
8 8 13 26 6 5 8 12 10 0 12 3 22 30 8 9 2 31 12 7 23 
21 4 10 9 26 6 13 18 10 11 8 3 24 10 24 21 14 10 16 6 11 
7 27 26 11 12 8 0 8 0 22 30 21 7 14 23 17 4 20 28 3 1 
30 6 11 20 2 13 31 19 27 6 21 2 18 17 31 6 18 5 16 4 24 
19 4 16 13 18 16 5 15 26 19 3 3 0 18 26 30 19 25 5 8 27 
15 20 20 26 30 21 10 28 17 16 5 11 31 28 28 10 23 31 30 18 22 
25 31 14 3 30 15 21 30 8 22 13 13 26 19 23 15 1 6 6 17 9 
9 0 18 22 19 30 24 26 11 6 27 12 25 29 11 22 6 31 1 19 11 
7 19 14 6 7 10 16 31 17 7 8 15 4 7 25 29 24 21 23 26 29 
9 17 22 30 28 24 11 14 0 8 4 22 13 17 25 4 25 2 17 5 28 
22 31 16 30 14 28 17 13 4 4 13 30 18 7 24 2 16 0 12 1 16 
14 31 22 16 6 2 1 31 25 20 25 14 18 28 3 15 11 2 23 12 25 
21 7 28 16 26 11 28 7 14 10 31 23 14 10 31 9 29 27 8 1 20 
9 6 17 22 20 13 9 2 28 31 19 25 28 19 11 2 7 24 15 26 27 
17 22 31 10 9 17 6 5 25 14 14 19 4 8 22 5 4 16 21 26 2 
26 7 9 11 3 21 0 14 26 1 8 15 12 28 16 17 11 11 16 21 29 
9 10 11 17 12 15 2 9 13 26 25 14 25 25 15 31 27 5 12 3 15 
29 6 25 10 18 2 27 1 17 19 14 21 20 14 19 0 12 29 15 19 17 
10 25 5 10 3 8 29 21 17 27 22 3 27 16 23 22 21 9 9 5 22 
10 25 0 0 5 24 1 15 25 10 0 2 10 23 15 9 27 27 22 18 6 
4 12 4 6 20 24 1 25 0 8 10 2 21 29 23 30 14 17 30 9 28 
20 23 28 21 3 21 26 21 21 12 29 2 28 12 11 2 3 16 12 31 12 
26 3 24 15 4 1 23 26 14 28 4 17 28 1 11 27 23 23 2 13 20 
28 4 19 27 0 11 20 16 24 22 26 4 14 26 19 1 13 23 20 8 22 
5 29 23 0 7 2 21 8 23 20 1 6 31 25 22 26 15 3 25 6 5 
14 10 24 24 25 7 22 3 21 20 2 9 1 12 5 21 4 19 10 9 5 
21 27 29 30 13 17 31 3 27 24 7 21 4 11 11 28 1 18 9 14 12 
28 19 15 12 30 0 19 7 19 18 21 18 2 29 2 31 16 2 12 21 27 
5 2 18 6 19 13 29 1 13 12 14 24 14 10 11 17 3 21 22 19 21 
22 4 16 20 16 10 15 6 2 2 12 2 16 5 23 5 26 30 9 26 23 
30 31 14 19 28 15 0 16 7 6 23 12 27 12 0 17 23 4 29 17 4 
28 5 25 9 22 20 5 30 14 24 13 4 21 13 29 11 25 13 14 20 4 
1 7 5 18 24 29 3 10 26 29 16 27 27 7 20 21 1 12 17 3 8 
25 17 30 28 4 21 11 14 5 8 7 12 19 30 6 8 11 22 5 4 29 
10 12 22 20 27 2 23 25 13 1 5 18 21 4 8 2 27 3 23 8 29 
5 26 7 29 30 16 11 13 11 15 23 30 4 9 24 10 31 16 1 20 4 
16 22 19 11 28 7 23 31 14 6 19 30 15 28 23 8 19 7 0 23 13 
9 23 6 19 10 16 2 18 3 21 31 23 13 17 19 17 14 19 25 6 23 
0 15 17 20 29 8 13 26 1 21 8 12 18 12 29 6 13 4 25 18 0 
15 29 12 6 4 0 28 1 21 26 22 5 15 26 11 6 21 14 27 12 17 
17 28 13 8 20 11 16 28 26 0 27 29 0 0 20 5 18 30 26 13 7 
23 21 23 8 1 17 17 10 13 30 26 8 13 4 9 15 12 24 28 21 12 
8 20 1 8 29 24 21 25 5 15 3 21 17 17 25 23 10 14 16 3 22 
30 18 14 27 13 8 23 6 25 15 27 24 3 14 13 31 13 22 18 19 12 
5 11 26 0 23 28 0 7 8 1 7 15 19 1 8 15 19 13 7 3 26 
3 16 12 28 11 10 11 17 29 9 28 18 7 14 6 2 19 17 20 27 15 
19 7 11 4 29 15 1 29 6 4 22 4 22 13 21 22 16 0 0 24 9 
2 27 14 12 17 19 3 9 21 1 20 20 20 7 25 16 18 19 8 21 7 
21 26 28 13 31 17 23 16 4 13 4 2 24 24 23 24 28 14 17 24 17 
12 20 15 8 21 7 17 3 25 25 5 5 6 12 29 24 10 2 14 28 12 
1 30 21 2 3 2 16 26 28 30 13 4 5 21 22 29 8 8 26 21 2 
8 4 22 11 4 7 10 14 17 12 17 22 8 9 0 7 31 27 8 11 21 
3 20 19 16 18 19 30 20 10 18 28 29 4 0 26 5 2 11 5 28 9 
30 15 18 18 17 12 4 9 24 21 31 14 20 6 14 15 31 13 27 12 12 
14 3 8 25 1 20 28 2 8 25 29 11 25 15 22 28 24 29 31 17 18 
30 6 0 9 25 15 23 19 17 20 9 29 18 20 9 2 3 16 16 5 22 
26 25 24 8 16 19 16 0 9 7 28 13 6 10 23 11 17 19 31 21 17 
12 27 14 11 11 23 30 7 30 27 29 21 30 13 1 3 7 5 0 21 17 
19 7 17 31 14 31 3 3 29 29 6 2 19 31 12 17 18 25 11 17 15 
6 20 28 22 12 3 24 22 17 24 15 27 29 9 17 1 15 22 7 5 24 
0 15 9 30 24 10 11 17 13 13 21 4 27 14 20 20 4 12 29 23 26 
29 0 30 23 5 12 15 2 6 3 14 2 8 22 7 2 31 21 15 29 8 
17 23 21 14 16 22 27 10 11 22 27 3 30 0 29 23 25 28 27 0 22 
11 30 23 23 24 23 30 4 27 13 18 18 11 7 12 3 9 15 5 6 10 
1 3 5 5 15 31 7 29 14 31 2 6 16 7 29 18 14 17 10 29 28 
12 16 20 5 28 21 13 18 17 7 3 29 24 11 24 0 13 12 21 4 6 
6 19 3 27 21 23 28 30 1 18 27 7 25 12 8 23 10 4 24 23 0 
15 17 16 20 25 28 6 17 13 20 22 2 14 25 2 0 12 6 28 11 21 
17 9 7 7 13 3 21 17 8 23 5 17 1 22 17 20 9 24 22 19 17 
19 25 8 3 22 31 1 9 19 4 29 17 30 24 5 1 9 17 0 13 28 
26 28 21 21 23 2 20 30 5 1 5 19 26 31 13 29 25 4 6 22 10 
20 31 15 29 18 30 28 29 9 22 25 10 25 11 13 25 7 28 30 19 6 
7 13 26 4 7 28 12 30 24 9 12 12 12 23 26 20 24 23 30 4 15 
25 20 11 29 1 28 2 31 13 23 26 28 5 20 1 20 22 23 6 15 8 
8 9 5 7 15 24 15 11 27 28 5 20 21 3 29 22 24 18 16 12 9 
16 27 18 18 23 25 9 21 4 16 15 15 10 26 25 27 13 5 29 2 29 
25 9 0 22 18 26 29 9 30 28 9 5 1 12 3 31 29 25 6 22 20 
3 3 25 1 25 23 6 31 15 31 5 14 7 1 18 22 19 17 3 25 0 
31 18 22 19 1 6 4 9 6 3 18 25 19 5 13 23 22 29 2 12 9 
22 2 0 15 19 8 4 29 7 2 8 31 4 8 10 20 7 9 4 3 17 
9 4 0 31 23 19 17 25 4 26 9 20 8 9 21 16 3 0 9 18 8 
3 15 9 15 9 27 0 13 17 27 1 13 27 20 2 2 24 27 14 1 11 
19 29 8 2 30 14 3 17 20 12 16 12 11 4 30 8 28 6 14 28 5 
10 0 30 28 8 9 20 22 29 17 17 20 13 7 27 2 21 13 2 20 17 
3 3 2 4 22 30 2 21 1 22 18 6 23 1 13 6 20 2 14 7 11 
23 25 19 27 18 4 17 3 4 3 9 14 3 13 7 28 15 24 11 7 2 
3 31 20 14 6 20 13 8 31 23 9 3 25 17 21 29 19 21 13 5 12 
29 0 6 3 25 27 31 29 16 21 16 19 28 26 0 10 8 29 5 31 18 
28 22 0 24 3 2 30 0 15 22 0 2 22 9 22 0 15 23 1 5 1 
13 18 27 13 3 15 6 17 5 15 30 16 15 22 0 27 24 25 26 22 31 
27 23 3 30 31 24 27 7 29 9 6 23 20 9 5 13 20 9 4 5 28 
0 4 28 31 28 15 27 31 16 8 30 21 5 29 28 5 4 18 24 2 19 
25 11 27 10 20 9 13 18 31 15 25 8 7 24 0 21 27 24 29 30 21 
17 2 28 5 29 21 19 26 8 26 11 18 20 28 14 22 30 31 9 18 13 
23 0 19 30 19 9 1 9 8 11 3 28 15 21 7 27 2 6 27 17 3 
4 1 3 23 16 1 14 17 23 14 30 2 26 25 22 6 29 13 8 5 9 
25 16 2 18 18 14 28 1 12 22 9 0 30 0 1 25 29 11 1 11 16 
25 6 17 31 4 5 5 5 0 4 25 6 28 2 20 28 20 26 6 25 28 
2 23 2 18 7 29 24 8 27 10 21 14 14 9 20 18 0 18 13 28 26 
10 29 9 18 21 23 20 19 17 15 22 3 28 27 26 9 31 24 16 7 27 
25 14 28 15 18 21 29 0 2 4 21 8 13 14 3 12 6 5 5 30 2 
3 30 29 30 7 0 9 4 11 5 8 2 18 12 15 4 16 10 11 14 30 
8 20 15 17 7 4 23 9 15 4 22 28 2 13 14 15 31 23 20 29 24 
4 0 1 11 16 30 22 31 10 15 2 30 29 16 5 13 27 7 1 30 12 
5 9 14 19 24 21 14 1 5 5 27 0 25 16 29 16 10 3 28 8 5 
3 22 6 15 28 1 10 24 21 19 8 27 8 12 25 9 3 29 12 20 19 
14 12 20 28 25 6 19 3 3 16 0 24 31 23 8 14 19 8 14 12 18 
27 2 3 18 29 24 7 10 20 3 28 25 29 16 1 17 8 30 26 21 23 
17 4 27 23 25 7 28 0 0 26 7 16 21 25 21 30 18 8 21 30 0 
20 8 12 20 13 0 16 3 15 8 30 17 0 0 17 19 19 19 6 18 22 
11 25 16 19 0 17 21 7 27 12 22 5 12 8 16 1 17 1 7 25 19 
14 16 6 4 13 28 16 2 27 8 28 21 7 15 10 11 12 18 9 22 24 
4 3 20 16 8 11 1 14 15 19 9 1 25 19 27 16 8 9 5 9 2 
11 25 22 21 30 8 20 10 5 15 19 12 20 17 16 30 16 3 12 29 19 
4 10 10 19 30 20 23 5 26 7 16 2 24 19 10 12 22 25 13 26 11 
27 20 21 28 13 7 2 10 18 3 23 18 23 6 14 25 14 11 11 12 12 
0 18 3 23 19 25 8 23 6 5 15 9 8 21 31 10 16 29 24 5 28 
31 28 8 18 31 23 24 30 29 27 24 16 24 12 26 20 16 23 31 17 17 
25 4 24 1 10 10 29 24 0 28 6 6 8 18 17 30 27 13 6 6 31 
6 19 17 1 14 29 20 5 10 30 16 2 0 23 28 13 24 8 31 21 22 
4 2 29 30 1 2 19 15 21 11 31 3 24 11 12 11 27 27 17 23 28 
22 28 26 2 15 0 14 9 4 16 5 10 5 8 28 12 20 6 10 5 2 
7 24 2 11 7 24 30 27 17 5 24 8 6 3 24 27 2 13 8 9 5 
23 4 0 31 31 13 0 16 4 8 28 8 5 24 11 21 8 18 12 10 22 
11 23 18 27 26 14 8 21 26 28 3 26 19 30 7 20 15 15 16 6 11 
7 3 27 14 10 11 31 4 24 27 27 4 14 2 26 12 9 21 20 8 10 
23 26 15 17 31 17 29 9 15 0 31 29 28 0 19 8 11 9 8 8 5 
12 17 0 1 30 18 14 7 12 27 5 25 11 23 21 14 16 4 25 6 24 
14 3 3 29 22 1 3 0 3 10 27 10 5 13 1 2 1 17 28 31 0 
27 12 19 14 9 4 22 2 27 14 17 25 27 17 3 26 12 16 31 20 16 
19 30 5 0 17 17 6 21 4 28 31 17 19 5 3 4 23 0 5 25 13 
31 31 27 24 4 14 21 30 25 12 20 28 8 0 19 5 6 29 23 11 20 
15 13 20 0 3 4 17 22 6 1 5 6 1 13 18 5 14 18 30 13 29 
28 21 3 19 28 12 21 29 23 15 30 17 0 13 30 5 7 13 25 28 5 
26 3 5 19 6 14 26 23 28 19 24 4 19 10 3 20 21 11 22 17 8 
1 10 15 28 11 0 9 25 31 8 3 29 25 2 0 17 7 15 19 29 22 
4 6 26 10 19 12 4 24 23 22 12 3 28 8 7 5 26 15 6 5 28 
4 20 13 31 8 10 0 1 5 22 5 27 13 10 18 24 19 25 20 20 8 
17 2 4 23 7 6 25 10 11 12 16 11 23 26 5 6 14 3 9 25 4 
22 20 2 21 9 12 5 30 27 24 8 24 31 23 14 31 11 28 29 25 23 
10 8 9 31 21 24 19 8 1 19 25 7 6 17 15 26 20 30 14 3 5 
15 6 13 26 23 25 1 18 18 19 21 27 17 21 16 19 26 7 1 27 15 
1 14 22 28 30 15 15 23 26 20 25 27 19 23 27 21 27 17 27 0 14 
14 16 28 3 31 14 24 5 21 14 27 13 7 13 8 10 9 24 8 28 28 
18 21 22 7 22 15 2 27 13 18 19 19 6 23 27 30 4 14 31 7 18 
31 25 24 31 17 12 1 26 22 8 28 17 1 8 23 6 6 0 23 4 11 
24 23 24 1 1 0 0 4 7 18 8 31 18 23 17 9 23 27 4 1 25 
15 3 28 7 22 5 9 12 14 25 13 7 19 7 15 14 27 19 6 15 10 
2 2 5 7 1 10 1 14 3 28 7 1 2 6 30 11 28 15 18 9 4 
23 10 14 3 20 29 6 28 7 23 25 20 12 13 0 27 4 22 26 13 11 
28 22 8 23 10 6 24 28 27 20 20 11 12 6 20 6 15 24 27 5 20 
11 23 6 22 18 20 18 2 8 4 15 11 20 15 7 12 18 19 13 29 25 
16 20 31 14 14 3 7 13 24 7 31 1 25 20 0 13 20 21 5 20 31 
29 25 24 30 29 28 13 20 1 12 11 11 30 18 23 27 17 1 24 5 31 
18 11 0 16 23 29 30 11 31 10 13 26 5 26 4 10 29 24 27 0 16 
19 17 10 13 24 30 29 17 8 23 17 15 28 17 23 20 23 29 14 19 7 
3 15 0 20 4 28 10 3 15 8 7 6 11 25 27 0 7 30 5 24 7 
21 2 1 29 18 15 3 8 20 21 20 5 19 10 15 5 9 3 15 23 2 
23 16 3 9 22 27 6 8 15 29 27 19 24 4 14 19 2 29 29 6 29 
15 29 27 31 23 30 24 0 12 0 27 16 3 7 27 31 29 20 15 2 6 
2 13 24 15 23 30 12 7 1 6 22 25 19 10 28 28 26 28 15 15 26 
3 30 31 22 1 24 14 25 3 21 19 12 7 7 4 24 20 5 31 17 30 
12 12 19 2 18 19 21 6 0 4 7 14 16 11 31 11 17 8 4 6 8 
26 15 16 11 28 28 6 25 23 7 8 19 10 29 0 3 18 15 11 13 0 
3 15 19 19 10 24 26 15 3 20 20 30 20 6 4 11 28 8 25 27 20 
23 7 29 7 30 23 8 11 23 27 7 17 12 28 0 15 10 9 9 22 21 
10 27 27 12 13 25 5 24 27 14 19 13 27 16 2 2 21 6 6 2 2 
12 25 2 17 24 6 19 21 13 21 3 5 19 1 17 20 12 2 21 18 3 
8 16 10 24 23 21 6 20 13 14 2 3 21 7 8 5 17 16 28 8 0 
9 1 21 13 17 30 12 14 5 13 8 16 11 4 15 27 19 30 13 9 23 
22 13 29 29 3 8 10 24 20 14 12 24 29 20 10 26 5 31 21 11 6 
13 18 18 8 12 5 31 5 19 16 15 0 19 31 19 9 5 17 29 5 24 
23 19 20 1 5 20 15 23 29 24 19 25 7 4 27 3 19 11 27 30 17 
14 31 24 7 15 15 20 31 3 18 20 12 18 11 22 13 4 14 8 31 23 
8 1 9 27 8 12 7 5 14 21 30 11 10 25 9 5 14 10 17 23 5 
4 22 31 26 23 23 23 30 28 13 20 17 4 30 28 18 14 18 18 3 11 
6 24 10 14 0 5 18 27 25 24 13 2 26 9 24 9 6 7 13 25 0 
17 19 23 18 31 17 26 9 21 18 13 4 9 28 12 5 13 14 29 12 2 
15 12 9 28 7 19 16 31 8 3 3 27 15 13 20 9 2 8 4 11 5 
17 29 29 20 14 14 18 26 14 7 2 29 1 27 31 19 4 25 1 28 8 
23 17 27 11 26 24 26 29 11 10 1 15 13 29 22 23 29 21 12 29 11 
7 28 19 20 18 31 12 12 31 25 25 1 19 19 9 19 17 9 2 16 23 
15 27 27 2 16 20 10 31 2 14 14 19 9 1 8 9 10 6 15 23 28 
27 2 10 23 2 9 25 7 23 30 13 10 31 9 31 3 7 21 2 15 13 
6 6 17 9 12 14 17 8 22 6 31 5 18 11 12 15 18 26 29 24 7 
24 4 23 27 5 20 30 27 5 30 18 12 27 6 26 28 8 30 29 22 27 
9 10 15 4 8 9 23 24 30 5 4 17 25 29 7 10 24 18 15 14 11 
25 22 2 2 3 13 17 6 11 4 27 17 15 29 23 7 16 27 29 15 30 
28 18 28 9 18 16 13 6 24 20 7 8 10 16 20 13 15 6 16 18 25 
10 25 31 21 1 3 16 6 11 28 0 5 31 25 29 13 0 8 11 8 6 
13 12 25 18 7 28 29 25 10 6 21 15 8 8 5 19 1 16 10 7 31 
30 11 20 18 6 22 21 2 24 18 13 25 27 18 8 14 5 18 10 28 14 
16 19 8 28 2 23 14 4 28 27 3 17 5 2 4 26 24 20 14 7 2 
13 27 9 8 11 19 2 5 5 30 28 27 10 6 24 10 26 0 3 10 6 
25 6 20 11 3 9 8 13 20 7 0 26 4 11 18 20 20 31 13 24 20 
0 12 4 2 12 6 28 20 15 14 9 12 27 25 12 9 4 29 16 21 23 
18 27 31 7 8 30 24 22 30 1 31 21 8 7 9 15 20 19 18 4 11 
3 25 24 2 11 12 1 27 25 12 16 1 5 1 11 26 2 20 15 13 22 
27 25 27 25 12 16 30 22 30 22 9 10 17 5 9 1 4 1 30 8 15 
7 31 10 27 31 1 29 23 26 4 12 20 9 4 30 27 4 22 14 13 12 
3 19 4 31 22 6 10 4 2 11 3 30 4 19 5 31 2 29 11 13 14 
21 3 12 16 1 6 18 16 23 19 29 28 10 6 7 21 14 10 20 11 5 
1 31 28 12 9 24 23 9 10 6 17 19 11 18 31 20 28 7 15 28 21 
19 14 7 29 16 3 6 30 5 11 24 18 0 7 31 17 18 28 1 18 3 
4 8 11 16 1 16 1 18 13 26 12 21 5 27 18 3 15 17 14 16 10 
22 16 8 31 2 26 17 13 12 19 12 22 2 1 15 10 14 9 22 6 21 
19 24 2 4 8 28 25 13 0 13 21 31 22 8 2 6 15 8 5 19 30 
7 20 31 19 31 10 26 15 10 21 21 26 31 6 18 8 20 19 23 7 6 
3 12 27 1 2 2 1 5 8 4 6 18 18 15 10 29 30 10 2 31 23 
3 0 2 27 2 11 5 6 19 25 12 8 31 25 0 29 5 29 19 28 21 
20 29 12 23 21 13 6 5 16 29 7 14 3 2 31 4 24 19 15 17 25 
15 2 19 4 27 5 20 13 10 25 10 15 31 27 30 4 14 0 3 27 18 
13 27 30 7 31 9 26 8 2 27 29 28 29 24 6 8 14 18 7 20 25 
3 14 5 16 22 27 5 19 6 25 26 26 1 30 12 10 14 27 4 10 1 
29 14 9 16 30 21 28 2 9 29 16 19 3 5 17 23 20 5 4 10 29 
0 27 14 1 16 18 26 2 26 24 28 16 16 26 18 5 31 28 24 0 23 
0 20 10 10 6 6 2 11 2 7 7 31 14 0 11 11 11 17 16 25 15 
15 14 16 6 3 25 19 2 23 6 30 25 13 7 24 2 4 7 31 13 26 
13 0 5 23 28 3 1 5 0 29 26 1 12 17 21 4 5 19 8 0 11 
20 18 28 5 19 29 24 3 14 23 3 23 5 12 26 31 16 15 24 15 22 
7 7 18 16 8 4 16 21 20 4 16 31 27 6 26 25 27 0 28 10 22 
5 26 14 18 21 31 31 22 21 18 9 3 23 5 27 18 18 9 9 10 23 
23 7 26 25 23 4 5 11 8 28 30 14 14 24 13 27 15 1 14 19 11 
31 4 29 13 26 20 21 11 31 17 13 13 1 21 20 15 15 1 21 8 24 
16 12 19 12 20 24 26 25 6 24 28 6 16 17 20 1 31 14 21 0 18 
12 27 10 9 9 0 14 24 16 22 18 9 22 2 10 21 3 23 18 4 23 
25 27 25 24 8 10 23 26 20 3 5 15 10 6 4 6 19 26 24 28 28 
2 6 9 15 28 3 4 2 18 22 21 23 6 2 22 20 30 4 27 23 28 
5 29 16 11 12 31 20 27 5 27 26 2 21 10 17 25 6 5 26 20 16 
19 19 6 18 4 22 18 20 15 6 0 6 30 9 19 24 11 7 24 4 27 
6 0 22 29 1 11 1 16 3 15 20 16 4 2 8 24 15 26 19 5 18 
15 24 9 30 2 19 9 3 30 9 8 19 0 1 19 5 12 5 23 24 4 
30 11 21 19 20 12 14 18 30 3 6 20 31 26 10 7 4 22 25 5 11 
1 17 9 9 0 7 15 7 30 15 10 21 30 16 30 4 14 17 25 19 14 
4 2 16 1 22 19 4 21 15 14 20 3 17 22 30 17 25 28 18 10 4 
24 14 30 19 20 5 16 27 12 1 3 22 17 10 24 2 1 26 21 11 11 
15 19 29 29 21 4 3 11 11 29 8 10 6 2 29 11 25 4 2 15 6 
4 4 19 15 16 8 26 15 4 9 27 3 21 7 15 24 27 30 26 29 19 
29 22 1 11 7 9 8 12 23 20 13 2 16 20 2 30 8 0 15 17 16 
3 4 12 26 15 2 11 1 4 5 12 17 3 19 25 19 8 23 26 2 7 
25 22 21 23 8 14 12 1 14 26 21 24 28 3 23 5 0 23 5 31 1 
15 0 28 16 27 5 24 4 16 0 5 28 10 27 0 28 2 19 30 11 27 
24 13 12 15 15 31 30 20 23 7 31 10 27 25 26 1 7 25 23 4 1 
23 30 28 18 20 16 1 28 18 8 25 9 13 27 18 26 23 11 23 25 14 
8 23 15 17 7 2 21 8 19 30 3 26 7 18 10 7 26 22 9 20 12 
7 20 3 3 27 7 3 17 25 15 5 23 2 8 31 25 29 18 24 11 21 
10 0 15 28 27 29 21 15 4 14 0 22 25 6 10 7 25 3 12 9 3 
30 24 30 21 26 19 24 27 3 27 30 26 8 29 5 31 21 21 29 30 7 
15 9 27 13 8 7 26 7 18 12 6 24 16 30 30 1 26 13 11 17 30 
25 11 20 26 8 21 21 8 0 7 14 14 18 8 31 2 31 25 12 16 14 
20 13 16 5 10 17 22 17 1 30 26 23 7 12 16 16 20 27 21 21 21 
10 21 24 28 22 12 26 1 24 11 17 5 31 5 6 30 28 16 28 22 16 
31 20 28 30 7 31 11 0 11 0 18 15 11 4 24 13 21 27 28 21 29 
17 21 11 7 13 29 20 0 7 5 28 28 22 28 29 10 30 3 30 20 26 
22 24 1 13 8 26 15 8 13 14 26 7 31 10 18 8 1 20 9 12 8 
13 31 2 11 2 22 18 7 22 15 20 18 28 18 9 29 13 8 24 16 24 
16 27 20 13 11 23 9 30 31 18 25 10 2 27 19 24 29 31 20 6 1 
0 11 16 5 21 31 15 13 17 6 2 18 19 30 29 30 24 28 26 20 1 
23 9 27 22 14 8 24 24 28 12 12 9 17 13 24 29 10 0 13 5 26 
22 4 20 2 29 4 28 25 9 26 5 16 12 28 6 1 27 1 30 0 14 
16 20 0 19 25 31 2 31 12 0 23 7 7 25 13 23 20 24 15 28 23 
4 3 24 24 16 3 25 16 13 23 28 4 31 24 21 25 23 17 31 28 17 
11 15 11 19 5 3 21 26 17 24 21 6 26 27 23 8 24 5 1 20 9 
20 2 9 8 21 17 6 4 1 24 9 1 9 29 25 11 6 21 1 22 30 
28 9 22 20 0 18 25 1 22 27 30 23 18 31 5 25 21 6 29 6 7 
12 26 9 0 19 1 8 3 28 0 9 14 14 16 28 5 22 15 28 5 7 
22 1 1 31 3 25 16 17 1 6 7 1 0 18 8 14 5 21 29 5 18 
6 6 6 27 13 16 6 18 25 17 20 10 31 28 30 23 18 2 20 7 15 
16 9 18 17 15 31 17 20 13 8 2 6 5 15 11 15 10 21 28 31 27 
18 0 24 22 7 21 27 14 14 23 13 15 1 18 9 4 26 29 17 4 30 
21 11 18 30 30 29 29 14 9 20 6 23 18 21 20 13 30 30 29 30 30 
2 14 14 14 15 14 6 12 11 14 4 8 0 3 25 19 25 2 28 21 15 
28 14 29 19 0 11 13 27 7 18 28 21 5 7 12 13 3 20 14 9 1 
25 22 30 28 12 20 19 23 21 17 14 2 15 5 17 4 18 22 10 14 27 
27 29 0 15 25 12 22 16 1 27 9 1 20 28 13 28 5 27 10 3 24 
10 26 3 26 13 5 16 22 21 5 31 2 28 3 26 30 25 9 15 10 11 
14 20 18 24 19 1 10 17 18 11 13 13 9 6 16 18 26 29 26 13 12 
10 0 1 12 21 23 0 15 31 10 26 24 13 16 20 22 7 4 17 23 16 
22 1 31 31 28 28 28 13 7 26 26 28 26 24 9 25 13 16 4 19 4 
12 6 22 30 30 26 16 14 11 30 0 10 6 26 28 28 6 6 19 10 3 
21 30 14 29 21 29 8 17 14 15 25 0 24 7 12 8 2 30 4 5 21 
31 29 15 0 30 27 10 6 28 25 0 8 22 19 12 6 11 25 29 0 27 
0 25 31 4 10 1 20 26 8 8 8 13 15 11 13 3 27 9 31 24 15 
14 1 23 19 8 10 5 8 19 10 8 10 14 22 5 25 3 19 16 18 14 
1 17 13 22 10 6 29 1 8 16 14 16 22 21 3 18 21 16 23 18 7 
8 6 14 10 26 10 29 11 18 9 10 4 25 24 12 29 6 27 15 25 23 
29 28 24 7 12 13 10 0 5 1 3 3 27 9 7 5 6 7 24 31 24 
19 5 13 8 25 30 30 1 8 24 4 19 24 2 16 27 11 13 17 14 6 
20 26 27 5 20 8 5 20 2 5 25 24 26 18 27 14 30 4 10 20 10 
24 1 2 26 0 0 7 30 22 31 6 16 23 15 20 4 11 14 19 18 8 
8 20 1 16 10 14 15 3 27 23 20 16 2 14 0 13 0 27 20 21 2 
27 10 27 20 27 25 26 7 30 10 27 3 13 15 1 1 29 12 23 11 24 
12 12 0 30 11 18 24 18 3 25 25 23 9 7 21 14 17 0 8 21 19 
23 7 20 14 24 27 10 6 21 4 12 16 27 10 20 29 10 3 3 9 0 
25 16 27 31 3 11 20 7 0 16 14 4 29 23 18 22 26 3 0 20 3 
11 23 26 25 27 17 4 26 30 15 2 1 22 29 4 22 17 25 1 12 15 
29 10 7 0 25 31 31 19 25 28 28 8 28 20 21 2 26 30 15 9 11 
15 6 29 20 9 5 28 25 28 16 26 24 11 26 4 27 2 31 23 28 14 
24 17 4 5 10 26 7 9 11 29 10 13 19 16 30 28 2 7 17 8 0 
23 23 4 12 5 19 22 7 23 17 0 7 15 14 20 12 29 12 8 22 0 
15 1 11 19 8 1 21 15 21 5 28 22 31 11 9 5 29 19 18 9 21 
11 30 31 11 21 10 15 29 2 13 18 27 13 17 20 22 2 17 6 16 28 
4 26 23 26 23 21 31 20 24 16 27 12 2 18 11 20 22 18 24 20 12 
27 13 22 11 28 29 5 6 11 13 0 5 31 16 5 8 4 5 24 29 26 
2 21 26 18 24 0 6 20 11 18 5 17 20 22 15 4 0 24 27 30 24 
22 27 29 17 30 9 19 2 9 2 15 7 13 21 12 29 4 2 21 25 3 
15 25 14 16 19 10 5 23 24 25 21 25 5 10 21 2 13 21 16 23 18 
24 20 23 29 21 2 18 21 12 15 14 3 3 19 31 11 15 2 1 17 11 
7 17 30 27 14 14 13 9 31 25 10 24 20 11 22 28 20 16 29 0 16 
4 9 0 13 3 31 12 22 5 0 14 29 31 14 21 23 11 12 6 24 9 
5 13 24 3 21 5 24 6 11 28 21 4 14 2 27 0 3 9 30 15 30 
8 28 29 30 19 10 30 25 11 17 25 12 14 25 7 6 28 8 30 22 2 
11 30 24 16 20 23 18 29 22 8 7 1 4 0 16 26 25 26 31 25 12 
19 6 15 14 20 14 13 25 5 18 11 25 13 31 8 28 4 8 18 21 12 
