500 21
173 445 474 167 172 117 137 346 283 278 293 28 209 128 397 6 386 437 469 431 22 
157 377 466 288 84 78 172 146 297 3 383 507 369 488 151 144 257 156 502 152 130 
413 206 151 5 479 71 105 15 489 268 370 508 217 348 68 273 506 25 142 498 361 
251 16 264 213 475 147 419 426 476 243 20 241 18 406 254 485 232 354 250 188 301 
108 84 277 334 376 210 181 447 4 243 359 176 386 0 244 336 417 433 44 313 472 
229 132 138 487 233 29 247 303 278 466 15 263 456 277 92 270 272 505 454 397 155 
197 287 300 385 290 173 304 470 65 418 461 284 100 442 95 11 135 498 245 191 134 
305 499 328 362 36 86 46 224 7 178 380 139 321 292 356 50 57 420 491 148 339 
158 118 7 343 449 441 29 342 78 249 383 390 442 207 169 147 386 196 451 65 510 
272 404 25 29 254 225 256 462 262 432 273 458 385 90 342 243 207 90 460 152 354 
48 237 401 470 89 281 109 71 411 126 78 179 21 290 490 341 217 261 486 207 172 
337 456 182 35 152 76 509 123 267 33 194 426 427 344 368 478 156 25 339 132 349 
484 374 480 349 38 23 23 266 179 441 107 21 433 97 55 435 391 469 43 88 445 
73 120 314 507 183 57 277 324 470 478 424 187 271 160 73 92 359 9 77 217 43 
357 4 489 257 34 249 276 463 161 474 460 238 480 436 194 14 440 242 6 276 350 
121 342 144 389 131 174 176 430 55 279 261 152 87 76 85 148 96 508 191 133 7 
451 333 95 263 133 344 464 349 324 459 390 494 352 295 312 71 22 40 371 442 242 
106 444 134 239 281 255 292 500 105 354 298 135 75 341 339 44 404 343 245 279 398 
47 478 96 113 307 400 423 438 250 294 174 449 93 226 474 373 475 443 65 99 108 
504 151 125 256 158 487 486 83 164 351 380 49 387 123 481 307 490 26 293 474 258 
194 184 142 312 260 428 412 383 144 92 132 182 168 147 27 220 4 189 94 346 292 
17 90 392 312 200 501 33 4 121 149 373 204 403 256 316 143 500 51 441 352 472 
341 403 341 489 341 140 192 214 350 369 432 260 249 5 69 281 348 95 203 160 264 
274 157 372 477 201 230 48 454 92 193 30 285 167 296 62 122 429 42 369 424 71 
220 385 234 380 500 208 236 462 180 157 108 296 221 177 338 232 146 132 172 452 99 
393 114 344 278 47 276 182 158 488 95 119 28 48 301 160 425 173 346 176 118 89 
94 242 323 154 73 220 1 39 74 145 55 275 459 3 6 62 303 493 499 369 494 
52 72 181 236 305 505 116 124 416 410 125 259 246 231 509 370 113 183 296 181 403 
392 483 62 284 280 117 103 442 349 93 363 313 282 421 118 271 219 478 452 481 1 
106 301 104 210 378 52 6 93 239 432 462 360 239 132 304 148 101 47 328 73 181 
270 112 439 138 22 299 307 86 315 63 283 406 381 202 198 359 167 416 270 453 328 
223 484 329 473 305 502 13 436 277 3 480 344 144 253 227 43 484 16 80 432 399 
403 295 223 293 271 146 387 509 177 124 110 255 10 109 85 193 283 43 341 326 248 
439 175 427 296 270 372 112 176 167 81 159 92 387 250 501 123 56 271 190 197 18 
211 426 54 275 286 294 277 78 164 295 221 172 127 64 486 430 225 312 14 423 231 
273 462 427 500 123 167 221 256 39 202 111 196 20 447 73 155 405 126 292 109 439 
271 120 316 324 351 373 462 386 459 508 173 189 326 287 333 140 210 411 338 408 281 
150 167 38 480 364 111 442 127 432 424 460 91 202 113 453 102 165 268 505 91 83 
16 413 387 451 252 469 391 450 446 123 446 481 66 465 328 249 365 483 337 126 124 
421 202 239 33 203 228 200 476 237 345 405 135 434 463 123 296 29 111 104 460 18 
177 95 507 253 434 12 397 70 374 82 344 241 474 24 72 474 133 479 168 257 345 
115 274 279 55 327 172 397 411 109 265 210 198 359 328 328 60 34 480 156 12 406 
292 457 371 155 88 392 237 417 275 121 58 129 60 229 129 366 112 82 509 116 92 
156 440 315 158 503 132 150 446 84 461 372 431 477 71 254 251 342 150 130 200 96 
252 33 355 69 20 146 172 287 72 225 227 416 487 462 273 223 323 105 406 225 326 
312 109 401 1 344 415 238 390 240 141 169 203 222 93 429 174 495 344 223 284 300 
216 403 411 265 72 172 280 97 381 22 117 298 439 275 99 210 261 313 187 484 232 
32 198 265 424 199 86 459 200 171 359 188 102 452 329 423 388 314 261 468 284 505 
354 110 178 66 310 180 267 242 91 350 140 323 145 56 185 235 168 117 430 224 455 
290 271 10 473 292 183 123 5 503 254 325 101 361 188 200 467 41 129 420 86 214 
69 330 431 12 119 267 414 478 135 417 329 65 313 465 18 286 91 94 503 336 427 
123 437 224 293 49 48 393 407 406 489 421 492 220 190 177 111 467 293 225 405 482 
420 480 511 224 297 463 282 493 481 26 305 126 153 342 137 292 109 324 510 504 55 
305 249 123 18 283 195 423 293 121 237 26 276 101 436 456 330 259 258 158 268 39 
11 122 70 231 454 76 246 366 211 55 276 333 177 504 386 94 27 75 362 43 477 
258 420 473 85 443 476 453 223 349 369 356 13 144 479 377 230 396 363 152 175 38 
280 171 104 59 325 356 70 409 318 126 304 460 190 271 81 418 164 444 257 3 265 
268 109 389 214 23 231 44 233 414 323 385 496 439 186 462 459 365 355 231 213 321 
158 485 293 491 90 125 408 206 57 4 9 208 85 486 41 376 142 67 223 56 492 
140 328 201 131 169 333 432 311 468 506 88 199 113 247 182 449 249 313 306 314 351 
327 367 203 52 401 38 454 236 394 19 374 284 325 71 191 470 38 359 14 164 165 
448 36 331 328 441 210 97 511 237 43 393 185 322 139 118 362 262 454 86 261 88 
423 165 204 144 451 308 374 333 424 195 279 66 442 442 159 491 472 307 306 486 89 
98 293 200 228 486 45 122 53 103 203 79 438 499 96 178 129 427 43 102 382 14 
349 230 11 450 96 46 98 203 193 66 38 265 426 75 450 117 99 327 450 507 434 
304 187 356 16 208 76 239 393 60 318 359 259 158 481 212 125 10 98 505 476 70 
299 168 498 21 119 367 27 76 493 381 297 43 450 418 228 41 482 37 384 268 16 
356 473 82 161 432 97 436 508 28 427 33 477 170 217 170 63 311 389 60 310 124 
290 259 268 398 443 499 35 378 345 150 269 393 363 192 224 68 163 190 26 239 95 
289 277 32 321 76 250 356 104 50 43 242 338 114 155 145 400 382 174 187 468 35 
131 292 172 156 235 187 464 442 309 493 88 195 145 82 57 288 292 439 394 336 446 
308 415 331 120 260 199 294 214 325 170 42 345 245 83 479 328 368 505 303 9 357 
321 278 355 2 308 324 261 269 282 202 197 90 38 261 46 143 469 203 248 413 426 
230 358 69 361 388 396 136 423 206 254 338 26 262 315 38 322 281 116 142 499 474 
87 14 110 470 100 297 498 407 290 140 483 396 413 17 297 316 169 80 62 61 298 
385 188 145 151 150 214 282 338 206 298 428 183 354 186 257 372 427 79 30 192 137 
113 483 487 412 312 400 263 256 325 102 190 414 156 316 104 341 106 251 10 28 134 
332 195 338 439 403 47 136 430 375 318 377 73 406 455 47 279 59 29 241 388 143 
437 282 459 311 405 260 326 151 138 467 67 245 121 310 393 175 292 248 93 492 493 
356 125 376 357 89 166 38 354 153 302 329 100 415 356 96 210 45 272 154 453 103 
262 247 420 137 440 163 57 144 279 337 505 235 197 66 374 374 31 508 391 376 16 
131 285 59 365 193 415 170 54 264 505 318 213 110 73 353 265 64 209 486 451 59 
329 485 138 104 254 187 466 70 265 64 317 365 349 250 467 179 290 155 170 325 496 
370 396 433 166 356 261 30 509 426 415 239 306 61 470 398 335 61 424 160 319 140 
135 398 356 332 457 360 358 296 311 83 36 14 314 382 139 64 470 416 10 70 88 
12 371 92 508 8 393 416 96 199 155 92 149 293 278 187 308 481 488 400 91 416 
30 259 16 356 99 332 289 277 359 349 174 157 99 314 60 76 21 20 99 189 410 
135 170 117 470 4 13 434 260 168 152 324 70 80 261 322 49 178 413 117 42 193 
364 181 263 332 325 2 476 498 106 330 473 315 36 393 260 193 162 476 281 382 186 
159 444 211 244 154 421 36 404 90 111 253 278 1 506 511 117 5 20 249 16 186 
501 39 247 444 357 328 87 304 116 379 359 89 259 133 257 213 236 121 57 232 357 
179 377 393 46 341 249 263 455 119 228 132 287 206 397 404 305 416 457 262 91 39 
57 138 114 66 480 441 43 270 225 72 373 17 230 91 313 391 201 364 268 61 27 
172 121 363 196 126 492 452 310 428 264 70 321 496 379 77 103 231 130 281 479 5 
37 326 100 410 267 454 385 71 218 133 237 2 320 444 396 109 141 388 427 346 428 
321 286 278 478 483 180 212 382 51 378 289 447 88 313 210 397 113 100 347 218 321 
190 435 95 413 299 277 258 76 258 442 392 156 164 30 248 504 372 54 342 372 371 
462 397 394 158 345 388 188 104 344 450 101 419 238 416 218 274 367 260 294 166 337 
188 151 90 369 48 331 484 169 385 6 1 264 153 214 257 477 3 369 376 390 482 
247 197 113 373 233 133 425 52 439 392 312 235 382 139 17 353 310 432 38 31 103 
178 223 508 493 308 280 191 209 275 466 278 254 302 417 54 340 479 159 67 229 103 
166 439 389 129 139 454 298 97 100 208 32 443 186 200 269 114 142 214 36 95 292 
89 123 70 103 268 65 141 199 233 351 89 238 386 218 48 271 113 147 24 242 484 
85 70 261 471 468 43 157 407 471 465 420 429 49 230 202 322 491 69 181 158 177 
8 495 137 276 233 27 287 209 478 402 475 77 436 222 221 250 468 355 173 498 504 
165 132 184 243 209 51 194 206 448 181 6 146 376 461 145 5 234 402 298 9 80 
246 285 373 213 112 207 370 349 458 92 358 349 204 200 284 392 395 223 431 500 214 
167 302 125 321 275 467 216 450 395 175 191 237 310 492 396 156 156 321 422 276 454 
497 80 366 340 155 105 51 8 485 78 361 69 143 372 436 477 107 203 170 483 217 
134 8 337 208 366 145 466 25 191 420 2 324 101 366 56 96 382 225 13 147 399 
144 94 103 254 358 36 189 11 299 271 76 367 346 289 231 509 397 283 113 70 2 
169 89 338 96 476 382 52 128 289 266 104 30 384 265 82 64 261 496 482 335 216 
32 196 378 342 421 6 178 36 140 271 345 440 333 453 439 409 221 463 501 359 451 
414 302 162 50 195 429 148 141 249 416 144 423 421 306 386 58 39 499 23 258 201 
331 318 346 88 169 190 180 226 192 433 160 393 509 281 257 180 71 72 375 510 189 
299 507 478 207 153 133 9 195 35 485 162 476 59 127 476 61 387 312 134 285 271 
497 208 135 494 330 227 355 28 73 257 142 57 343 303 457 418 52 166 290 2 355 
96 298 106 444 145 306 297 285 269 412 405 394 228 40 132 39 145 0 287 455 220 
501 312 497 22 80 112 145 504 99 495 146 5 466 273 89 285 46 404 286 448 392 
219 369 180 463 38 439 479 49 18 301 66 108 375 260 16 410 364 110 59 164 241 
119 129 421 125 484 342 357 305 68 348 461 401 205 99 481 120 143 221 172 102 226 
299 266 87 460 358 16 304 187 364 432 202 285 432 343 373 44 206 420 190 476 148 
330 264 135 489 209 491 158 56 357 87 505 265 270 450 356 408 383 187 493 386 191 
471 228 509 281 355 355 185 152 331 392 89 302 234 247 100 9 134 386 378 244 477 
123 221 322 386 174 422 8 463 262 448 447 5 349 56 275 407 130 7 496 72 139 
424 260 84 201 132 430 159 63 110 318 239 99 138 21 84 52 169 349 442 326 278 
313 33 236 394 190 116 311 430 427 355 432 158 269 217 273 482 32 235 223 427 85 
48 142 14 0 176 397 61 184 454 238 305 479 214 421 453 196 13 350 478 46 411 
193 96 138 465 170 15 254 74 286 7 492 391 286 342 86 347 501 245 146 52 226 
203 143 469 444 298 198 505 69 373 30 38 185 405 447 138 265 38 94 422 487 448 
27 473 390 216 479 96 42 118 354 503 504 45 252 191 493 243 287 467 295 140 439 
457 111 238 274 492 278 399 32 145 387 63 306 377 91 474 232 493 304 423 270 193 
208 115 279 76 383 407 94 418 196 374 14 52 150 168 229 107 243 119 249 379 50 
369 377 144 138 422 386 79 57 31 473 124 359 482 260 283 402 502 430 133 101 303 
304 435 98 377 378 340 398 294 39 503 216 289 230 351 74 430 367 314 411 95 80 
163 21 211 382 250 455 104 190 239 3 440 421 69 55 179 262 394 255 235 11 206 
107 321 279 268 100 270 276 231 123 147 370 193 431 62 130 399 59 105 304 64 428 
318 113 248 45 15 199 170 195 61 430 417 199 187 117 262 174 313 83 222 23 397 
382 3 393 226 235 475 141 285 10 78 116 237 414 353 228 29 340 329 52 144 293 
258 205 428 240 286 415 109 351 503 366 249 391 343 352 227 85 62 37 50 129 62 
177 339 179 44 284 432 248 317 398 441 322 179 3 440 396 254 249 182 183 478 372 
415 8 430 382 58 291 250 99 350 479 282 163 166 294 335 313 244 92 186 337 234 
478 35 480 25 76 402 433 331 23 395 497 150 200 431 41 300 275 0 272 273 84 
164 365 218 67 274 102 386 395 208 2 369 321 14 425 386 277 275 442 370 333 352 
285 153 174 444 106 116 9 144 138 165 227 349 135 463 395 331 256 388 55 225 81 
141 371 289 403 118 270 238 19 229 248 136 237 218 166 263 497 359 322 434 193 226 
470 431 352 294 260 418 440 20 109 383 378 180 419 493 501 405 386 161 2 396 257 
480 44 264 232 54 445 493 491 72 56 125 139 464 166 332 186 24 225 316 135 122 
270 356 36 131 205 95 357 317 77 144 203 498 348 95 377 310 478 295 5 486 157 
50 57 411 291 439 111 398 175 296 407 314 141 51 502 135 84 341 52 117 118 149 
447 338 185 327 130 13 20 49 358 317 402 295 333 191 238 26 279 379 129 345 177 
25 344 290 286 313 400 241 402 206 445 448 435 424 505 135 347 149 315 358 208 352 
429 23 288 170 306 506 404 118 159 483 178 211 90 499 132 26 394 232 216 454 364 
318 193 458 34 167 42 471 117 507 171 360 345 208 401 488 49 401 434 500 15 328 
376 210 176 409 498 305 299 501 316 101 133 127 243 324 38 58 7 121 130 430 351 
63 118 12 17 327 47 163 177 301 250 80 384 111 95 206 86 320 52 176 268 483 
339 211 132 219 201 362 418 118 148 245 482 381 218 361 160 42 80 465 274 441 269 
432 40 92 61 170 457 74 7 191 18 135 152 74 406 300 135 5 332 487 311 493 
145 47 226 199 458 78 37 31 90 460 105 461 465 154 364 265 468 40 139 286 116 
465 27 421 440 147 30 10 359 265 50 230 288 187 505 163 362 179 448 245 153 368 
446 320 258 346 44 189 280 84 108 94 403 325 299 239 309 471 261 284 259 457 40 
110 282 331 413 414 453 444 385 118 328 175 39 312 446 112 430 86 418 308 474 344 
300 294 158 456 471 491 96 307 204 131 81 473 220 141 79 508 327 374 459 375 167 
213 180 134 147 346 423 294 385 122 117 439 280 311 35 135 296 456 468 160 43 206 
273 76 117 488 499 326 173 139 300 477 154 420 372 308 182 63 236 376 288 390 109 
59 120 59 273 237 86 396 283 352 320 464 272 160 448 136 478 387 195 344 16 311 
260 112 39 121 129 392 333 31 337 492 12 3 72 427 267 211 8 45 434 148 48 
53 415 422 45 177 93 54 297 172 231 159 78 137 457 165 414 194 100 249 10 236 
163 340 119 300 62 430 320 300 376 488 4 257 2 195 16 24 442 240 112 98 489 
47 26 141 227 456 427 432 481 426 148 321 334 146 216 271 494 62 289 381 260 424 
334 434 211 459 464 47 370 172 255 345 109 421 440 90 283 446 244 28 478 460 11 
183 12 295 490 474 218 63 127 321 350 69 0 43 315 464 195 133 157 144 149 104 
44 203 272 472 114 298 458 506 124 146 146 401 511 197 385 138 25 271 28 349 245 
13 111 245 490 325 157 362 21 409 407 68 348 344 141 402 511 131 274 116 174 155 
177 396 488 190 125 216 143 230 485 235 175 173 365 336 250 232 259 357 272 419 187 
350 44 350 441 389 443 221 448 417 297 396 8 86 178 457 455 361 508 46 43 132 
393 161 321 226 427 434 454 129 359 399 317 413 51 21 267 352 281 275 387 45 160 
126 503 7 329 256 394 175 500 356 310 467 304 83 456 131 143 491 143 192 129 123 
425 462 319 436 284 431 117 386 245 241 19 128 293 465 455 350 79 498 493 433 66 
274 403 507 88 264 331 398 448 240 84 464 32 351 95 87 376 33 139 209 354 458 
85 271 181 436 486 332 237 505 355 16 48 139 131 343 136 29 212 3 300 109 261 
53 329 495 24 372 442 42 329 248 363 365 18 86 391 446 365 424 83 324 413 74 
156 90 52 190 2 28 195 361 112 195 159 424 134 488 364 247 306 440 469 153 313 
468 356 406 154 480 305 428 486 290 44 217 346 336 325 180 448 369 206 359 390 92 
146 32 234 6 440 140 190 54 385 429 345 186 377 395 28 87 222 23 55 400 355 
89 93 86 332 476 466 103 98 295 511 23 188 91 37 476 15 491 472 500 391 41 
108 160 487 266 454 120 330 271 21 250 403 11 23 85 366 117 343 335 290 336 147 
143 340 88 69 221 395 70 443 72 138 266 221 436 61 173 58 469 184 483 288 163 
349 131 276 379 466 36 473 402 105 183 398 238 357 191 53 46 386 44 248 46 397 
482 283 360 78 85 285 243 344 34 124 509 416 412 123 251 126 172 145 428 328 214 
8 276 222 385 462 264 346 250 198 273 297 13 416 485 206 96 362 483 389 135 234 
344 202 226 342 95 418 496 400 450 132 354 403 273 433 171 78 296 159 285 414 510 
291 163 169 248 79 323 470 59 417 41 186 426 486 90 128 253 87 291 385 202 58 
181 401 500 26 155 190 332 373 261 118 282 299 495 69 436 246 63 217 38 447 430 
424 106 243 207 38 360 172 219 391 358 100 354 276 92 478 250 40 30 111 66 402 
293 72 269 124 115 460 46 193 38 238 277 203 216 486 166 332 119 360 419 284 214 
394 340 97 322 145 316 373 218 413 506 324 495 161 212 254 222 132 75 258 502 446 
296 59 26 116 283 72 20 396 245 415 107 214 171 464 504 326 55 9 428 471 51 
79 494 265 121 125 158 93 438 367 312 452 396 319 7 509 307 428 364 410 59 350 
214 345 202 191 61 387 57 204 89 363 416 322 97 412 49 311 444 454 149 407 85 
72 291 424 276 255 427 356 231 309 189 135 186 476 188 452 5 43 383 220 105 283 
416 271 176 26 44 474 172 308 304 482 71 288 383 413 58 16 127 30 156 145 300 
223 113 145 201 380 405 85 383 14 201 259 127 71 174 298 430 404 295 452 356 471 
191 65 504 203 462 167 49 297 507 339 344 217 232 309 338 150 501 263 430 137 437 
289 390 383 481 450 117 91 142 465 399 375 148 129 0 117 12 380 359 113 211 359 
133 351 241 451 170 447 480 242 307 47 328 236 360 226 364 193 265 12 59 115 64 
262 407 348 27 343 490 414 262 13 414 277 45 358 186 259 130 372 15 468 197 251 
49 494 22 190 32 458 494 480 203 325 23 114 109 57 448 53 322 50 78 146 87 
492 264 475 184 249 443 115 427 140 496 196 261 328 371 211 280 494 102 411 171 280 
200 107 446 172 421 438 230 196 339 79 370 104 42 242 376 14 142 139 102 173 409 
490 101 396 70 488 45 72 448 14 88 207 322 291 62 237 149 448 319 378 438 184 
323 455 141 276 175 123 398 406 163 281 13 254 261 290 251 437 363 179 98 335 88 
405 199 386 145 404 293 429 493 0 310 426 69 440 132 240 253 217 136 89 449 160 
68 262 421 343 506 199 132 39 454 374 457 430 415 481 270 436 24 290 476 99 421 
129 101 74 303 451 154 482 330 489 15 316 329 171 186 2 296 127 228 506 155 58 
50 361 120 151 62 472 69 498 30 482 128 369 347 462 176 397 141 353 13 352 424 
248 467 418 239 511 361 72 64 126 156 45 492 488 177 221 436 92 211 371 504 420 
75 334 455 41 349 342 76 201 505 372 467 382 237 292 114 146 130 468 256 478 25 
192 446 445 39 20 226 324 304 277 204 468 111 101 58 111 416 301 107 183 42 128 
311 323 353 413 99 35 417 366 386 428 86 391 306 316 396 309 402 330 450 435 322 
42 366 413 351 432 146 232 284 102 428 32 453 325 323 168 490 388 170 123 153 77 
405 368 242 165 56 27 466 159 153 336 257 105 108 6 291 291 431 138 101 101 113 
389 402 291 103 127 130 195 257 452 473 37 143 456 70 121 171 478 399 254 345 136 
132 36 437 403 299 211 75 485 126 55 123 182 315 254 38 22 449 65 356 118 482 
348 3 65 6 146 396 77 406 430 461 440 445 388 11 387 406 200 117 91 123 488 
413 228 151 451 417 312 324 504 54 337 187 275 46 493 13 388 402 258 65 21 111 
223 250 227 5 247 300 267 377 392 187 168 127 339 436 508 316 84 324 493 69 27 
420 195 264 184 346 355 207 125 314 2 471 9 200 395 93 510 267 238 454 99 337 
234 232 454 229 335 360 377 250 261 38 455 405 239 313 85 320 150 453 396 433 39 
504 305 138 433 178 490 331 466 73 431 128 393 436 199 81 123 369 77 191 385 511 
148 171 189 490 113 182 493 371 25 334 407 88 29 196 71 241 237 480 372 22 172 
2 388 26 193 89 314 271 406 154 82 191 55 247 223 58 26 485 33 179 34 52 
222 239 413 485 408 204 208 390 47 130 460 269 166 365 278 103 293 304 21 112 233 
355 315 360 176 66 290 313 349 240 315 64 161 194 131 378 436 28 98 295 37 420 
278 151 108 161 507 22 250 458 9 437 235 233 117 345 414 86 302 368 88 357 142 
449 99 110 418 82 66 438 67 449 203 15 32 308 97 257 372 8 479 259 449 392 
126 249 323 169 131 163 79 167 298 146 49 451 501 373 377 445 242 377 161 396 37 
320 185 449 173 9 255 246 246 365 311 425 246 376 169 403 184 79 362 190 390 301 
241 152 468 410 349 291 3 350 281 299 410 486 68 7 195 162 501 347 101 343 383 
220 221 62 73 114 460 172 178 42 325 181 403 101 274 82 458 21 349 449 404 271 
428 165 213 21 359 408 253 32 210 59 235 164 12 436 23 79 365 274 438 49 478 
128 277 416 236 489 6 507 408 298 200 474 19 156 241 407 510 114 410 361 50 501 
408 461 399 479 493 221 427 409 121 388 386 488 294 480 245 255 393 148 386 51 293 
7 45 222 433 451 38 402 334 250 128 339 14 107 45 509 124 415 153 86 176 34 
164 368 166 52 137 206 147 165 493 280 439 6 480 314 369 123 510 117 300 221 406 
344 322 47 165 307 351 69 362 409 322 449 503 141 165 84 493 345 449 481 190 199 
494 170 58 396 314 503 142 413 134 40 432 240 147 402 452 310 499 482 247 215 448 
213 152 163 205 142 312 73 283 86 141 117 273 149 68 507 333 105 285 75 112 65 
22 207 109 500 393 305 481 16 255 157 304 406 180 459 53 126 495 238 156 80 457 
60 443 138 183 119 287 29 221 255 204 106 462 379 357 396 391 248 253 268 235 291 
388 119 386 38 511 102 61 408 463 294 374 437 161 283 184 151 133 502 462 398 138 
11 33 142 486 429 165 19 198 361 0 322 339 339 483 479 21 197 111 341 95 510 
194 48 164 34 476 417 504 347 186 258 288 217 207 376 405 253 85 371 338 244 361 
349 104 166 342 421 91 297 121 145 207 437 394 308 353 42 146 24 415 217 391 277 
204 105 312 459 397 437 236 133 299 13 493 316 408 449 299 400 96 501 345 299 118 
394 319 81 270 152 430 454 111 443 265 214 332 242 381 259 450 120 36 115 299 295 
128 397 387 496 69 90 156 182 174 448 222 508 173 478 224 451 499 294 49 264 263 
203 149 205 5 392 479 429 0 247 422 70 252 497 469 55 291 341 454 270 204 43 
382 110 116 7 502 203 451 112 448 358 4 220 166 350 31 220 391 269 438 403 431 
87 45 66 486 326 44 206 503 123 89 408 139 135 293 225 263 294 442 312 114 367 
385 489 373 423 73 178 472 298 116 376 151 267 59 208 215 295 148 336 283 483 374 
330 201 213 240 193 55 59 195 121 36 282 320 376 117 307 235 198 349 467 163 445 
164 451 150 373 0 442 203 431 91 218 506 230 352 376 391 257 29 186 367 64 427 
67 191 436 48 86 465 127 503 77 11 280 44 170 226 378 102 310 432 224 408 438 
406 490 421 281 393 167 311 143 220 162 346 261 229 54 306 118 501 160 18 103 401 
84 375 146 308 146 411 106 107 416 352 49 67 134 71 40 299 23 274 495 213 125 
65 129 229 176 1 505 300 104 18 262 180 142 4 436 108 59 105 356 451 28 397 
164 276 89 15 487 426 60 476 507 280 97 42 37 508 490 183 202 42 323 490 470 
229 177 98 239 28 410 423 2 171 48 15 55 203 308 8 469 176 115 363 423 10 
458 159 380 170 257 339 280 379 12 357 253 383 454 156 70 458 225 296 258 69 460 
65 93 500 48 87 130 37 210 482 396 313 414 175 19 97 8 259 323 109 123 284 
93 509 262 419 436 100 206 173 353 386 152 223 395 483 386 392 506 257 245 308 55 
171 152 306 235 85 398 68 134 79 320 438 252 291 85 140 64 42 38 383 169 416 
498 126 363 108 19 26 154 95 464 276 249 197 424 420 369 31 299 105 218 163 233 
399 219 481 75 224 349 436 398 392 311 170 21 152 165 342 108 54 472 326 142 157 
383 490 11 375 40 467 141 309 316 290 464 392 296 463 268 99 448 202 318 434 386 
454 68 127 392 315 117 228 368 64 320 339 354 12 280 217 166 270 154 487 123 24 
313 344 322 242 218 312 284 40 23 365 259 105 16 288 432 476 438 317 339 411 353 
99 232 241 421 107 43 226 241 14 408 179 64 170 299 463 395 342 362 439 5 287 
352 39 155 118 9 303 141 217 462 496 276 18 217 156 189 491 251 191 195 161 187 
86 60 66 388 375 228 344 486 470 91 318 113 383 399 111 338 106 21 91 62 117 
178 198 380 140 127 432 337 322 478 110 280 54 30 204 26 67 96 192 362 377 92 
44 214 92 243 341 371 479 485 495 278 35 38 74 93 338 21 272 195 486 440 92 
75 114 361 186 398 465 99 114 207 43 86 222 267 398 306 359 447 229 199 124 331 
252 196 147 273 8 311 4 248 436 493 383 120 451 251 17 199 32 196 206 274 418 
343 496 475 192 371 419 11 175 43 27 436 279 76 463 444 200 61 292 169 203 351 
399 461 240 179 438 66 392 487 386 146 362 281 449 382 441 217 161 475 248 425 60 
431 312 415 420 404 99 116 438 242 237 39 210 241 384 483 474 65 59 158 0 376 
285 511 382 216 303 376 160 99 442 501 35 330 302 408 169 455 448 182 46 207 508 
503 387 481 190 329 273 96 470 294 24 309 341 495 312 79 355 89 484 453 31 64 
419 54 82 168 279 70 227 464 241 139 9 258 100 311 468 347 82 217 364 481 349 
498 458 257 194 168 245 210 60 256 205 51 148 40 62 80 485 199 388 94 361 229 
26 454 168 462 333 59 250 373 63 370 215 299 182 77 430 467 338 389 22 249 90 
115 72 471 485 153 415 69 221 371 234 263 7 216 394 33 387 432 313 446 137 246 
265 114 402 458 262 407 165 235 510 106 284 422 144 131 444 202 385 191 52 300 311 
15 137 313 405 373 82 98 32 215 182 146 149 231 102 168 348 315 231 505 445 267 
453 236 359 227 325 229 384 133 245 238 193 182 337 63 180 185 176 144 464 137 30 
287 375 458 204 404 405 135 246 487 288 146 415 510 501 324 111 122 278 407 116 325 
444 498 288 428 310 397 305 264 336 6 206 460 70 268 466 454 440 31 190 342 312 
288 370 435 129 322 369 226 240 44 91 234 114 123 46 101 361 100 313 406 101 63 
398 194 509 311 502 48 280 65 11 480 498 294 130 334 18 301 91 329 254 196 277 
175 500 46 78 226 222 77 406 255 253 37 471 123 311 488 247 89 66 460 442 219 
305 169 408 117 378 216 113 370 291 473 200 200 385 334 394 300 173 100 459 249 65 
181 347 326 348 96 141 501 408 324 285 418 511 387 123 448 167 117 135 414 422 355 
171 400 434 360 207 465 91 271 220 314 161 87 262 28 21 402 22 225 288 157 57 
508 355 246 91 169 330 234 153 406 74 114 339 377 453 54 452 434 173 27 262 270 
279 76 448 206 48 336 164 238 14 433 325 135 403 3 466 196 300 498 321 460 343 
435 352 497 157 300 42 256 321 361 287 3 397 438 237 375 200 60 394 279 160 196 
378 277 94 341 391 288 14 18 354 505 236 401 28 378 505 145 167 326 89 102 72 
242 430 479 24 132 127 122 58 381 304 365 111 263 260 472 389 135 348 361 247 374 
36 480 324 433 306 52 477 77 173 417 475 425 87 353 300 468 223 487 253 211 69 
287 61 358 477 62 372 68 479 171 142 121 416 302 415 16 73 175 479 231 321 128 
309 484 321 480 77 47 394 203 196 217 488 51 103 63 111 391 251 149 357 184 468 
215 108 367 386 115 181 230 345 133 490 110 166 222 126 393 111 109 149 364 361 287 
89 25 257 12 14 15 88 478 296 448 272 478 423 453 0 222 204 373 65 302 27 
133 462 381 268 123 102 323 127 356 218 381 217 147 7 9 414 503 60 84 462 254 
313 152 166 73 384 156 137 201 98 228 381 207 271 321 21 163 285 167 228 352 76 
347 47 12 480 180 180 83 505 490 371 119 98 211 506 65 314 164 122 84 419 121 
386 336 333 403 181 304 236 383 175 51 71 292 445 7 104 486 294 73 441 87 36 
129 283 205 374 359 399 0 74 300 164 317 13 447 159 214 422 207 469 328 36 287 
355 43 419 466 283 51 456 366 400 229 462 287 281 491 94 118 341 362 216 161 460 
37 437 199 465 436 378 126 380 500 61 323 185 222 98 0 486 486 331 283 338 338 
317 132 137 384 170 503 461 241 356 425 217 71 225 233 181 92 206 477 248 429 380 
446 214 351 397 106 20 264 246 317 335 316 387 245 107 377 60 11 151 235 168 209 
423 471 453 418 371 107 369 347 292 377 421 485 416 207 345 489 180 392 200 314 270 
383 286 3 453 182 261 436 401 509 306 327 379 295 174 396 137 68 214 289 244 20 
143 88 458 65 361 61 202 32 95 76 77 467 158 305 53 204 480 272 502 140 34 
307 57 146 410 49 449 87 408 230 27 77 309 417 285 240 125 489 208 254 332 454 
219 340 292 509 380 307 385 187 290 416 345 338 467 178 452 61 319 444 5 279 182 
108 72 59 254 213 443 454 74 456 260 508 500 152 114 373 450 474 193 303 151 303 
168 312 282 430 457 433 206 506 9 124 62 149 401 81 418 30 427 499 109 507 130 
32 406 380 386 49 74 324 234 129 42 37 485 375 72 239 149 422 291 136 30 22 
426 44 164 186 150 208 506 312 332 206 211 449 181 356 469 479 505 332 478 215 230 
364 54 63 491 474 377 367 267 298 411 503 87 163 173 330 424 416 30 202 319 205 
299 505 66 97 287 82 474 448 20 123 166 436 488 15 166 133 430 416 107 191 171 
223 368 86 454 475 460 70 272 346 249 248 228 277 424 252 499 275 76 413 292 150 
150 482 290 196 197 457 401 75 357 167 156 458 409 404 425 290 195 115 332 67 285 
291 210 284 422 295 281 310 88 172 293 163 296 230 38 481 158 379 143 233 368 439 
264 511 280 130 346 56 68 304 322 106 261 1 244 120 138 398 173 68 22 351 138 
106 161 399 262 189 20 315 391 415 112 324 232 506 443 410 492 274 126 243 244 241 
385 124 186 176 39 338 135 42 15 49 362 245 364 256 102 336 150 107 101 268 192 
30 393 302 426 332 182 32 187 118 201 30 488 460 353 353 90 476 250 87 53 212 
466 114 137 58 249 350 404 485 363 141 233 270 304 143 476 398 490 438 17 158 23 
409 8 5 283 440 332 299 382 233 317 470 184 79 16 211 24 298 50 168 449 377 
319 348 379 383 170 126 62 380 440 501 5 314 27 433 339 164 406 107 399 437 407 
127 405 476 108 92 161 69 129 459 391 469 463 92 333 138 466 129 462 373 73 231 
393 88 251 441 440 494 328 257 69 367 414 44 24 356 387 266 236 311 5 346 249 
46 62 362 309 504 310 503 485 172 477 508 129 139 311 420 240 307 348 488 303 291 
69 404 142 372 178 314 396 449 154 464 209 346 79 402 126 10 189 420 379 383 467 
215 432 93 265 230 507 468 72 38 403 53 19 95 432 177 380 399 412 17 187 215 
257 319 305 232 309 395 342 312 323 212 427 84 471 116 269 123 267 243 38 148 64 
52 312 145 411 327 40 333 78 243 208 35 214 366 159 161 308 108 18 418 177 403 
359 410 385 326 242 182 397 264 273 295 25 156 231 131 184 11 181 439 207 421 187 
240 82 509 344 131 84 58 85 477 271 88 351 107 387 342 10 336 510 306 289 23 
96 4 394 18 8 210 320 188 406 409 293 206 124 157 91 386 85 225 222 356 267 
63 303 478 340 53 97 424 162 365 375 72 243 441 234 28 87 243 422 127 75 412 
257 247 44 277 161 309 397 100 388 40 246 222 391 452 300 505 33 232 455 404 481 
194 42 79 181 356 198 93 416 187 63 311 32 324 122 70 291 386 103 123 178 255 
246 472 5 294 495 348 473 182 101 144 364 63 71 90 272 279 98 215 314 186 320 
121 132 15 88 423 204 234 423 73 238 278 259 347 304 249 375 8 239 169 19 465 
122 149 465 137 286 363 444 174 168 461 87 369 356 145 250 72 404 470 358 48 253 
482 505 23 51 66 317 328 181 477 348 198 28 316 467 483 354 265 394 214 114 378 
400 13 480 302 166 289 254 268 206 256 253 25 94 37 28 131 52 438 268 295 248 
447 71 505 313 332 373 332 391 154 114 197 206 70 413 56 418 246 419 446 375 285 
478 466 196 237 296 164 75 69 66 346 40 452 474 444 135 288 76 406 188 279 395 
107 15 71 421 326 62 176 460 82 305 152 214 16 506 200 265 362 442 240 445 277 
333 87 478 188 167 192 428 291 468 184 243 114 87 323 358 508 63 171 230 118 171 
446 158 447 138 489 290 327 58 478 125 400 479 82 168 431 47 434 236 228 1 220 
480 90 388 105 378 366 100 339 107 170 321 454 195 211 450 94 443 397 49 454 103 
76 31 389 174 309 245 100 257 338 23 24 27 370 262 130 219 205 262 22 302 500 
27 206 455 385 322 469 277 152 30 413 290 123 270 501 446 201 108 488 345 464 489 
168 494 157 190 302 176 54 322 481 359 491 317 137 373 224 271 159 52 300 264 407 
267 433 97 304 277 130 100 9 177 451 102 327 31 73 142 248 375 274 483 346 388 
329 224 265 450 355 55 491 188 243 110 484 262 411 14 195 293 128 460 499 412 256 
455 236 390 256 147 199 309 19 199 111 267 207 199 31 102 75 139 119 429 449 496 
431 130 310 501 24 493 148 427 286 321 286 249 367 62 141 367 345 412 394 101 319 
180 400 5 507 195 216 268 262 248 378 241 14 177 282 162 277 134 260 92 172 449 
404 175 193 148 194 55 98 26 272 260 503 190 391 156 80 248 57 496 196 444 151 
22 237 416 370 378 8 235 380 444 67 30 7 387 424 231 38 247 161 351 125 395 
89 366 96 163 202 95 99 157 350 162 99 144 508 484 251 88 178 364 404 438 102 
254 129 72 354 170 94 210 350 387 353 132 271 337 24 104 508 382 413 167 262 495 
73 24 246 230 65 256 346 202 136 85 285 256 172 355 380 211 315 63 75 35 341 
439 120 168 175 49 450 77 127 179 462 492 408 178 450 301 326 310 370 321 34 215 
60 434 160 45 33 279 290 111 83 190 361 360 244 319 228 429 268 433 191 458 67 
458 63 34 459 247 63 158 248 101 397 119 300 258 221 358 4 491 113 178 136 499 
196 174 439 142 111 220 82 369 367 175 421 166 55 251 231 183 114 140 455 53 19 
16 453 109 406 72 193 55 112 287 241 326 58 62 97 187 277 434 176 45 36 301 
431 466 104 147 401 438 147 488 117 41 326 61 348 366 203 333 216 154 142 412 431 
58 389 33 442 208 51 38 101 79 238 378 259 487 40 244 412 381 236 375 197 510 
272 228 321 142 337 179 150 478 290 115 503 37 69 130 174 424 303 33 436 78 424 
408 258 219 99 179 238 483 129 68 432 313 500 136 180 425 242 389 261 302 156 224 
227 297 155 200 456 330 260 449 228 151 241 64 125 76 361 249 316 466 254 264 285 
321 257 218 55 432 173 115 440 510 489 228 406 443 289 197 124 29 438 202 128 83 
285 404 77 291 231 120 161 254 479 1 82 81 416 346 378 140 230 193 426 465 61 
395 87 63 305 435 45 397 421 115 123 170 45 86 266 68 502 334 206 264 292 12 
336 117 293 437 274 434 207 442 148 21 480 422 339 217 438 225 331 434 339 412 309 
491 395 400 28 197 461 148 30 291 310 215 489 143 51 313 116 71 485 484 65 123 
202 120 100 87 501 21 467 144 104 438 333 250 158 49 294 116 265 307 20 304 177 
407 359 12 491 455 467 473 179 483 459 449 299 4 496 203 136 377 188 276 189 68 
416 98 244 358 113 357 103 106 380 408 299 196 349 142 183 432 374 303 153 117 185 
128 182 271 396 463 342 363 262 171 436 326 96 466 125 234 154 478 273 163 13 160 
32 364 419 56 182 33 401 500 405 395 471 73 447 399 187 255 389 204 12 454 340 
273 336 165 363 417 372 342 447 460 243 340 362 250 232 169 73 326 409 295 506 78 
338 141 433 322 23 350 475 27 128 490 188 416 240 114 452 236 15 442 117 166 403 
315 418 411 219 14 46 89 80 39 138 76 256 196 80 319 360 153 69 310 437 389 
117 429 116 246 175 374 72 386 419 308 56 485 94 281 466 211 425 400 281 246 95 
177 458 299 491 311 243 395 369 348 413 383 283 17 411 268 427 495 501 379 23 160 
424 470 262 102 307 153 509 313 395 348 309 104 402 34 148 164 45 243 260 137 145 
57 394 75 466 365 262 200 80 19 395 144 238 198 404 1 86 160 59 36 323 472 
290 263 286 51 505 505 216 432 386 234 313 0 170 339 253 283 430 309 458 511 124 
178 338 13 474 202 60 62 101 31 417 136 24 82 479 497 502 155 206 431 496 208 
54 169 56 375 289 496 144 83 261 410 254 86 268 365 463 78 108 467 476 219 92 
133 276 89 22 268 57 124 295 412 214 364 268 115 20 254 298 399 38 121 88 488 
412 85 480 459 111 2 202 173 112 331 405 104 367 460 351 30 280 122 484 386 401 
371 220 356 275 13 344 329 487 404 413 106 211 443 39 147 150 53 195 174 305 81 
450 231 190 244 265 439 336 482 491 351 228 139 283 405 332 210 423 437 236 316 406 
168 147 125 166 170 119 324 137 84 472 193 455 233 286 299 135 329 0 220 390 226 
88 363 138 93 112 299 255 142 112 292 501 360 377 339 25 177 329 140 338 265 84 
197 506 506 36 459 177 45 163 239 253 448 319 200 87 56 256 333 70 334 0 310 
159 21 118 478 489 288 43 436 230 257 363 287 142 177 378 12 80 347 510 494 208 
157 92 371 3 30 255 114 7 293 251 158 248 100 213 466 135 412 87 425 495 64 
274 143 259 261 444 203 499 376 159 114 153 273 177 350 280 313 125 263 215 130 449 
75 335 166 363 111 405 227 20 265 41 503 196 53 286 274 392 363 204 73 178 15 
475 43 63 180 425 444 82 244 388 251 468 31 388 395 196 325 87 74 125 298 325 
212 51 477 308 78 328 467 351 226 0 316 205 456 419 312 447 264 153 340 40 169 
34 294 190 339 52 23 343 4 115 289 33 106 252 258 491 450 481 499 251 161 353 
110 259 470 94 323 10 502 29 279 130 28 494 40 110 226 335 298 470 257 475 265 
6 458 491 460 443 93 369 167 308 438 374 498 470 476 298 50 64 368 421 147 146 
156 177 412 373 503 314 59 130 286 130 317 443 121 326 417 6 269 253 382 197 506 
282 272 266 446 499 498 395 498 363 319 306 88 190 418 236 320 244 224 422 29 307 
293 316 459 364 379 320 136 404 253 319 277 431 345 128 350 18 219 47 134 431 416 
480 50 485 88 43 159 319 137 385 407 482 142 290 222 256 347 258 380 406 234 125 
373 491 498 445 463 29 68 420 289 503 479 387 499 71 244 165 338 276 435 61 155 
188 126 491 319 294 186 420 391 191 200 32 272 348 156 274 220 257 157 52 311 54 
78 37 498 173 219 53 155 363 64 181 199 478 404 23 483 448 322 47 167 321 237 
250 264 406 93 403 221 75 265 12 421 265 120 383 164 204 67 419 114 369 315 218 
483 159 311 113 323 260 294 255 369 187 116 241 420 468 205 122 248 135 509 494 6 
87 202 188 365 203 403 378 398 378 333 201 447 261 323 72 49 238 89 417 337 485 
447 146 213 361 488 273 64 129 77 134 172 183 441 213 344 312 411 501 312 320 59 
301 139 56 135 39 273 26 297 487 132 253 31 106 256 313 149 395 79 252 39 79 
135 339 285 471 39 63 402 98 97 149 237 254 303 481 211 340 312 40 299 480 434 
440 73 509 139 98 230 115 104 173 489 264 207 437 98 307 92 171 46 245 484 502 
21 489 350 247 497 301 465 171 130 8 156 318 361 224 202 138 309 391 423 200 141 
150 293 7 45 333 274 23 508 248 387 422 361 28 244 119 147 183 329 411 314 492 
185 224 43 407 10 321 181 462 93 46 121 371 193 436 264 327 196 43 498 307 254 
88 443 219 286 256 380 442 70 149 474 307 350 301 78 404 465 423 70 380 468 47 
314 7 257 223 441 63 230 201 228 100 296 291 11 505 235 405 477 510 362 111 341 
187 229 171 134 233 73 424 224 399 217 337 445 279 36 37 205 136 506 464 216 323 
24 6 288 411 134 465 78 108 149 1 336 128 168 96 409 215 77 455 261 333 291 
425 283 301 413 102 449 421 287 267 61 123 360 463 443 472 302 149 193 106 373 214 
507 50 162 355 301 384 25 411 392 485 511 331 371 207 458 470 102 68 22 194 17 
342 220 4 238 264 79 235 104 498 223 270 361 307 230 347 315 465 477 201 350 37 
378 75 144 440 290 40 200 343 176 366 271 234 353 280 19 115 34 219 117 485 92 
179 119 208 170 138 116 348 327 167 496 2 176 266 303 65 473 206 192 245 197 343 
51 472 201 415 116 72 354 411 277 207 511 302 312 492 172 335 97 443 16 353 199 
58 9 239 167 382 446 8 309 109 0 40 330 114 256 203 228 242 339 279 208 211 
325 221 308 231 490 466 498 31 100 307 289 469 172 45 409 280 201 319 180 444 460 
508 251 436 231 341 415 368 59 10 403 120 163 276 300 195 162 372 244 93 333 305 
398 414 471 447 434 353 51 180 179 2 106 30 215 291 239 173 64 302 369 455 465 
283 382 9 213 437 196 370 391 159 288 427 106 413 173 227 168 464 197 409 50 46 
276 332 345 61 58 344 342 74 87 37 357 458 142 497 152 255 508 482 89 371 431 
284 312 140 446 47 413 452 190 221 136 181 177 49 66 62 159 442 149 479 455 465 
240 434 258 276 343 313 446 161 98 393 380 297 134 471 228 112 78 437 39 337 328 
476 289 62 91 268 186 198 389 402 63 139 360 11 4 291 358 80 204 364 129 453 
445 396 463 69 162 392 119 389 126 30 444 228 289 387 318 444 409 307 442 388 336 
166 325 428 202 307 278 421 220 429 116 476 2 247 181 480 358 14 384 158 198 399 
404 471 211 498 158 244 109 267 459 131 92 505 130 68 230 41 441 303 170 363 219 
191 111 270 419 70 120 57 299 372 412 157 378 448 118 326 269 510 107 163 60 113 
427 472 77 342 494 178 381 317 420 233 36 71 212 49 242 439 43 411 479 470 361 
95 213 149 2 428 41 25 265 152 444 191 329 505 203 301 161 296 329 327 143 157 
111 400 0 296 381 351 37 440 405 46 448 52 376 103 387 105 321 20 363 41 99 
217 343 359 347 140 117 67 455 207 462 240 503 321 475 196 260 456 455 351 240 453 
202 87 253 240 184 86 453 102 111 216 33 255 315 457 195 56 160 334 47 413 3 
313 288 340 301 168 309 111 99 61 453 452 150 160 447 134 421 21 364 501 22 23 
159 277 436 182 321 23 120 136 478 394 452 433 260 110 165 451 292 194 218 460 199 
166 200 341 266 302 8 276 283 268 474 493 148 27 390 321 425 252 365 137 243 135 
466 19 108 254 80 200 151 222 83 103 25 241 285 239 144 83 263 59 9 450 381 
196 447 418 441 37 471 282 250 331 342 178 376 449 306 447 221 185 212 95 137 348 
49 216 121 481 485 33 357 347 288 267 297 17 76 154 149 373 429 137 103 339 218 
106 228 372 369 508 376 12 140 46 174 473 186 480 31 285 85 0 133 415 49 473 
103 391 145 361 350 329 71 414 338 278 284 47 277 377 93 312 350 168 277 316 66 
193 373 149 192 242 167 42 478 12 7 192 25 109 281 18 416 169 267 444 344 209 
439 466 65 192 333 295 53 169 458 334 447 186 326 36 467 468 334 483 146 343 279 
388 65 388 164 432 207 1 369 52 86 273 293 373 11 177 261 451 213 487 8 357 
273 298 10 156 509 89 35 75 93 193 262 383 210 190 89 392 153 289 411 499 212 
495 229 353 401 390 277 365 298 231 473 418 226 144 38 409 507 39 348 384 262 76 
504 436 212 164 69 395 38 7 142 39 64 314 404 104 207 485 212 441 401 198 158 
100 462 446 407 110 94 266 350 491 269 359 314 117 37 91 37 461 39 439 120 191 
71 321 300 114 343 332 55 408 399 32 290 136 364 363 335 499 462 31 503 160 433 
260 256 425 240 29 22 436 372 383 488 473 438 84 367 193 236 486 262 244 439 243 
95 349 492 440 326 2 267 477 94 345 262 83 485 123 120 456 427 501 463 461 337 
336 55 399 243 126 509 68 261 312 40 122 67 66 467 250 216 362 262 94 463 456 
106 452 13 164 202 286 277 304 44 21 137 418 77 443 167 188 487 335 149 182 394 
68 394 479 489 0 493 159 316 54 367 396 256 161 46 412 222 65 43 184 36 334 
485 194 371 204 313 366 459 41 60 468 480 488 370 51 439 73 361 509 67 465 382 
18 31 62 340 372 192 444 25 397 71 135 203 175 150 81 13 236 405 497 270 499 
18 256 91 368 401 86 283 214 260 105 204 13 379 404 191 257 387 509 120 390 341 
324 25 295 503 426 421 482 338 453 331 289 438 382 359 315 405 118 507 267 242 14 
228 260 245 68 124 413 116 5 55 304 1 485 364 182 507 235 72 168 237 105 40 
120 205 142 233 408 380 385 416 107 32 105 318 389 473 142 427 424 259 266 232 188 
